0.000000 0.000000 0.000000 0.000000 0.000000 0.000000 0.000000 
0.000000 0.000000 0.000000 0.000000 -0.000000 -0.000000 0.007000 
0.000000 0.000000 0.000000 0.000000 -0.000000 -0.000000 0.007000 
0.000000 0.000000 0.000000 0.000000 -0.000000 -0.000000 0.007000 
0.000000 0.000000 0.000000 0.000000 -0.000000 -0.000000 0.007000 
0.000000 0.000001 0.000000 0.000000 -0.000000 -0.000000 0.007000 
0.000000 0.000006 0.000000 0.000000 -0.000000 -0.000000 0.007000 
0.000002 0.000032 0.000000 0.000000 -0.000000 -0.000000 0.007000 
0.000011 0.000161 0.000000 0.000000 -0.000000 -0.000000 0.007000 
0.000054 0.000806 0.000000 0.000000 -0.000000 -0.000000 0.007000 
0.000269 0.004029 0.000000 0.000000 -0.000000 -0.000000 0.007000 
0.000819 0.012291 0.000000 0.000000 -0.000000 -0.000000 0.007000 
0.001624 0.024357 0.000000 0.000000 -0.000000 -0.000000 0.007000 
0.002493 0.037388 0.000000 0.000000 -0.000000 -0.000000 0.007000 
0.003389 0.050829 0.000000 0.000000 -0.000000 -0.000000 0.007000 
0.004428 0.066397 0.000000 0.000000 -0.000000 -0.000000 0.007000 
0.005615 0.084185 0.000000 0.000000 -0.000000 -0.000000 0.007000 
0.006792 0.101816 0.000000 0.000000 -0.000000 -0.000000 0.007000 
0.008017 0.120173 0.000000 0.000000 -0.000000 -0.000000 0.007000 
0.009542 0.142991 0.000000 0.000000 -0.000000 -0.000000 0.007000 
0.010000 0.149854 0.000000 0.000000 -0.000000 -0.000000 0.007000 
0.011800 0.176787 0.000000 0.000000 -0.000000 -0.000000 0.007000 
0.013571 0.203278 0.000000 0.000000 -0.000000 -0.000000 0.007000 
0.015747 0.235822 0.000000 0.000000 -0.000000 -0.000000 0.007000 
0.018017 0.269746 0.000000 0.000000 -0.000000 -0.000000 0.007000 
0.020000 0.299360 0.000000 0.000000 -0.000000 -0.000000 0.007000 
0.023834 0.356595 0.000000 0.000000 -0.000000 -0.000000 0.007000 
0.027785 0.415522 0.000000 0.000000 -0.000000 -0.000000 0.007000 
0.030000 0.448545 0.000000 0.000000 -0.000000 -0.000000 0.007000 
0.033138 0.495292 0.000000 0.000000 -0.000000 -0.000000 0.007000 
0.037467 0.559728 0.000000 0.000000 -0.000000 -0.000000 0.007000 
0.040000 0.597411 0.000000 0.000000 -0.000000 -0.000000 0.007000 
0.043876 0.655017 0.000000 0.000000 -0.000000 -0.000000 0.007000 
0.048059 0.717132 0.000000 0.000000 -0.000000 -0.000000 0.007000 
0.050000 0.745932 0.000000 0.000000 -0.000000 -0.000000 0.007000 
0.053776 0.801909 0.000000 0.000000 -0.000000 -0.000000 0.007000 
0.056556 0.843088 0.000000 0.000000 -0.000000 -0.000000 0.007000 
0.059336 0.884234 0.000000 0.000000 -0.000000 -0.000000 0.007000 
0.060000 0.894053 0.000000 0.000000 -0.000000 -0.000000 0.007000 
0.062383 0.929296 0.000000 0.000000 -0.000000 -0.000000 0.007000 
0.063947 0.952416 0.000000 0.000000 -0.000000 -0.000000 0.007000 
0.065511 0.975534 0.000000 0.000000 0.000000 -0.000000 0.007000 
0.066876 0.995715 0.000000 0.000000 0.000000 -0.000000 0.007000 
0.068160 1.014690 0.000000 0.000000 0.000000 -0.000000 0.007000 
0.069387 1.032832 0.000000 0.000000 0.000000 -0.000000 0.007000 
0.070000 1.041891 0.000000 0.000000 0.000000 -0.000000 0.007000 
0.071573 1.065143 0.000000 0.000000 0.000000 -0.000000 0.007000 
0.073136 1.088251 0.000000 0.000000 0.000000 -0.000000 0.007000 
0.074344 1.106116 0.000000 0.000000 -0.000000 -0.000000 0.007000 
0.075552 1.123981 0.000000 0.000000 -0.000000 -0.000000 0.007000 
0.076806 1.142520 0.000000 0.000000 -0.000000 -0.000000 0.007000 
0.078202 1.163150 0.000000 0.000000 0.000000 -0.000000 0.007000 
0.079627 1.184226 0.000000 0.000000 0.000000 -0.000000 0.007000 
0.080000 1.189735 0.000000 0.000000 0.000000 -0.000000 0.007000 
0.081307 1.209053 0.000000 0.000000 0.000000 -0.000000 0.007000 
0.082603 1.228215 0.000000 0.000000 0.000000 -0.000000 0.007000 
0.084031 1.249326 0.000000 0.000000 0.000000 -0.000000 0.007000 
0.085832 1.275953 0.000000 0.000000 0.000000 -0.000000 0.007000 
0.087855 1.305872 0.000000 0.000000 0.000000 -0.000000 0.007000 
0.089618 1.331938 0.000000 0.000000 0.000000 -0.000000 0.007000 
0.090000 1.337580 0.000000 0.000000 -0.000000 -0.000000 0.007000 
0.091908 1.365791 0.000000 0.000000 -0.000000 -0.000000 0.007000 
0.094613 1.405780 0.000000 0.000000 -0.000000 -0.000000 0.007000 
0.097117 1.442805 0.000000 0.000000 -0.000000 -0.000000 0.007000 
0.100000 1.485422 0.000000 0.000000 -0.000000 -0.000000 0.007000 
0.102980 1.529485 0.000000 0.000000 -0.000000 -0.000000 0.007000 
0.106430 1.580484 0.000000 0.000000 -0.000000 -0.000000 0.007000 
0.110000 1.633261 0.000000 0.000000 -0.000000 -0.000000 0.007000 
0.113445 1.684187 0.000000 0.000000 -0.000000 -0.000000 0.007000 
0.116951 1.736026 0.000000 0.000000 -0.000000 -0.000000 0.007000 
0.120000 1.781095 0.000000 0.000000 -0.000000 -0.000000 0.007000 
0.123496 1.832774 0.000000 0.000000 -0.000000 -0.000000 0.007000 
0.126863 1.882555 0.000000 0.000000 0.000000 -0.000000 0.007000 
0.130000 1.928926 0.000000 0.000000 -0.000000 -0.000000 0.007000 
0.133355 1.978526 0.000000 0.000000 -0.000000 -0.000000 0.007000 
0.136668 2.027503 0.000000 0.000000 -0.000000 -0.000000 0.007000 
0.140000 2.076752 0.000000 0.000000 0.000000 -0.000000 0.007000 
0.143271 2.125100 0.000000 0.000000 0.000000 -0.000000 0.007000 
0.146552 2.173612 0.000000 0.000000 -0.000000 -0.000000 0.007000 
0.150000 2.224574 0.000000 0.000000 -0.000000 -0.000000 0.007000 
0.153264 2.272816 0.000000 0.000000 0.000000 -0.000000 0.007000 
0.156547 2.321351 0.000000 0.000000 -0.000000 -0.000000 0.007000 
0.160000 2.372390 0.000000 0.000000 -0.000000 -0.000000 0.007000 
0.163357 2.422010 0.000000 0.000000 0.000000 -0.000000 0.007000 
0.166760 2.472305 0.000000 0.000000 -0.000000 -0.000000 0.007000 
0.170000 2.520202 0.000000 0.000000 -0.000000 -0.000000 0.007000 
0.173565 2.572898 0.000000 0.000000 -0.000000 -0.000000 0.007000 
0.177161 2.626047 0.000000 0.000000 -0.000000 -0.000000 0.007000 
0.180000 2.668008 0.000000 0.000000 -0.000000 -0.000000 0.007000 
0.183844 2.724822 0.000000 0.000000 -0.000000 -0.000000 0.007000 
0.187588 2.780154 0.000000 0.000000 -0.000000 -0.000000 0.007000 
0.190000 2.815809 0.000000 0.000000 -0.000000 -0.000000 0.007000 
0.194328 2.879780 0.000000 0.000000 -0.000000 0.417131 0.851000 
0.198103 2.935568 0.000000 0.000000 -0.000000 2.993947 2.955000 
0.200000 2.963603 0.000000 0.000000 -0.000000 6.898649 3.623000 
0.205004 3.037561 0.000000 0.000000 -0.000000 12.154067 4.125000 
0.209018 3.096881 0.000000 0.000000 0.000000 18.687304 4.321000 
0.210000 3.111392 0.000000 0.000000 0.000000 26.514296 4.317000 
0.213058 3.156587 0.000000 0.000000 -0.000000 35.735065 4.312000 
0.216211 3.203176 0.000000 0.000000 -0.000000 46.379555 4.309000 
0.220000 3.259174 0.000000 0.000000 -0.000000 58.467510 4.304000 
0.223989 3.318122 0.000000 0.000000 0.000000 70.716415 4.304000 
0.227978 3.377069 0.000000 0.000000 0.000000 82.947273 4.302000 
0.230000 3.406950 0.000000 0.000000 0.000000 95.131020 4.302000 
0.233622 3.460475 0.000000 0.000000 0.000000 107.255394 4.302000 
0.237336 3.515358 0.000000 0.000000 -0.000000 119.309341 4.301000 
0.240000 3.554718 0.000000 0.000000 -0.000000 131.289932 4.302000 
0.244128 3.615712 0.000000 0.000000 -0.000000 143.187241 4.302000 
0.248829 3.685173 0.000000 0.000000 -0.000000 154.993958 4.302000 
0.250000 3.702480 0.000000 0.000000 -0.000000 166.704330 4.301000 
0.253184 3.749521 0.000000 0.000000 0.000000 178.306564 4.304000 
0.256456 3.797869 0.000000 0.000000 -0.000000 189.794235 4.302000 
0.260000 3.850234 0.000000 0.000000 -0.000000 201.166504 4.304000 
0.264722 3.919993 0.000000 0.000000 0.000000 212.412521 4.302000 
0.268005 3.968501 0.000000 0.000000 0.000000 223.520248 4.303000 
0.270000 3.997980 0.000000 0.000000 0.000000 234.493088 4.304000 
0.274014 4.057282 0.000000 0.000000 0.000000 245.311172 4.302000 
0.278309 4.120729 0.000000 0.000000 -0.000000 255.971359 4.302000 
0.280000 4.145718 0.000000 0.000000 0.000000 266.483276 4.304000 
0.283183 4.192736 0.000000 0.000000 -0.000000 276.817078 4.302000 
0.286740 4.245285 0.000000 0.000000 0.000000 286.979889 4.304000 
0.290000 4.293449 0.000000 0.000000 -0.000000 296.950439 4.302000 
0.294733 4.363369 0.000000 0.000000 -0.000000 306.748291 4.304000 
0.298591 4.420363 0.000000 0.000000 0.000000 316.343079 4.301000 
0.300000 4.441171 0.000000 0.000000 0.000000 325.742249 4.302000 
0.303564 4.493811 0.000000 0.000000 0.000000 334.935699 4.302000 
0.307684 4.554672 0.000000 0.000000 -0.000000 343.921875 4.304000 
0.310000 4.588886 0.000000 0.000000 0.000000 352.680389 4.301000 
0.313063 4.634136 0.000000 0.000000 -0.000000 361.218018 4.302000 
0.316584 4.686131 0.000000 0.000000 0.000000 369.536438 4.304000 
0.320000 4.736592 0.000000 0.000000 -0.000000 377.614380 4.302000 
0.324621 4.804839 0.000000 0.000000 -0.000000 385.459961 4.301000 
0.329067 4.870510 0.000000 0.000000 -0.000000 393.052307 4.304000 
0.330000 4.884290 0.000000 0.000000 -0.000000 400.399872 4.304000 
0.333982 4.943094 0.000000 0.000000 0.000000 407.493439 4.302000 
0.336477 4.979953 0.000000 0.000000 -0.000000 414.331635 4.302000 
0.338973 5.016811 0.000000 0.000000 0.000000 420.923981 4.302000 
0.340000 5.031980 0.000000 0.000000 0.000000 427.210602 4.261000 
0.345136 5.107824 0.000000 0.000000 -0.000000 433.201324 4.166000 
0.347977 5.149783 0.000000 0.000000 0.000000 438.927399 4.083000 
0.350000 5.179661 0.000000 0.000000 -0.000000 444.383942 3.993000 
0.353590 5.232672 0.000000 0.000000 0.000000 449.549469 3.894000 
0.358198 5.300721 0.000000 0.000000 0.000000 454.422516 3.791000 
0.360000 5.327335 0.000000 0.000000 0.000000 459.028473 3.692000 
0.363289 5.375897 0.000000 0.000000 -0.000000 463.320953 3.576000 
0.366957 5.430071 0.000000 0.000000 -0.000000 467.335602 3.450000 
0.370000 5.475000 0.000000 0.000000 0.000000 471.039215 3.314000 
0.374370 5.539528 0.000000 0.000000 -0.000000 474.450348 3.176000 
0.377707 5.588805 0.000000 0.000000 -0.000000 477.569489 3.030000 
0.380000 5.622658 0.000000 0.000000 -0.000000 480.397125 2.875000 
0.385199 5.699427 0.000000 0.000000 -0.000000 482.905426 2.686000 
0.388531 5.748613 0.000000 0.000000 0.000000 485.097809 2.484000 
0.390000 5.770308 0.000000 0.000000 0.000000 487.002106 2.286000 
0.394607 5.838327 0.000000 0.000000 0.000000 488.582184 2.028000 
0.398670 5.898319 0.000000 0.000000 -0.000000 489.873688 1.773000 
0.400000 5.917951 0.000000 0.000000 0.000000 490.824371 1.429000 
0.402845 5.959948 0.000000 0.000000 0.000000 491.501434 1.111000 
0.405854 6.004377 0.000000 0.000000 -0.000000 491.846344 0.636000 
0.410000 6.065586 0.000000 0.000000 -0.000000 491.875000 0.063000 
0.414392 6.130425 0.000000 0.000000 0.000000 491.877930 0.011000 
0.417417 6.175083 0.000000 0.000000 -0.000000 491.934753 1.031000 
0.420000 6.213213 0.000000 0.000000 0.000000 491.555969 1.356000 
0.424504 6.279705 0.000000 0.000000 0.000000 490.695160 1.623000 
0.428596 6.340115 0.000000 0.000000 -0.000000 489.339722 1.917000 
0.430000 6.360834 0.000000 0.000000 -0.000000 487.557007 2.216000 
0.434830 6.432127 0.000000 0.000000 -0.000000 485.455902 2.422000 
0.438992 6.493575 0.000000 0.000000 0.000000 483.019867 2.643000 
0.440000 6.508448 0.000000 0.000000 -0.000000 480.262543 2.841000 
0.442870 6.550815 0.000000 0.000000 -0.000000 477.221039 2.991000 
0.445819 6.594345 0.000000 0.000000 0.000000 473.883636 3.143000 
0.449522 6.648995 0.000000 0.000000 0.000000 470.229340 3.292000 
0.450000 6.656054 0.000000 0.000000 0.000000 466.278656 3.430000 
0.452391 6.691353 0.000000 0.000000 0.000000 462.063324 3.541000 
0.458587 6.782801 0.000000 0.000000 0.000000 457.534515 3.660000 
0.460000 6.803655 0.000000 0.000000 -0.000000 452.705902 3.782000 
0.464162 6.865086 0.000000 0.000000 0.000000 447.618011 3.868000 
0.467912 6.920431 0.000000 0.000000 -0.000000 442.232758 3.971000 
0.470000 6.951249 0.000000 0.000000 0.000000 436.580902 4.056000 
0.474056 7.011116 0.000000 0.000000 -0.000000 430.635101 4.152000 
0.478928 7.083008 0.000000 0.000000 -0.000000 424.421722 4.235000 
0.480000 7.098836 0.000000 0.000000 -0.000000 417.944946 4.302000 
0.483245 7.146729 0.000000 0.000000 0.000000 411.253632 4.304000 
0.486420 7.193582 0.000000 0.000000 -0.000000 404.292023 4.302000 
0.490000 7.246418 0.000000 0.000000 0.000000 397.081329 4.302000 
0.494741 7.316380 0.000000 0.000000 0.000000 389.616943 4.302000 
0.497670 7.359609 0.000000 0.000000 0.000000 381.907318 4.302000 
0.500000 7.393993 0.000000 0.000000 0.000000 373.963776 4.304000 
0.505173 7.470327 0.000000 0.000000 -0.000000 365.774017 4.302000 
0.508546 7.520103 0.000000 0.000000 0.000000 357.359619 4.301000 
0.510000 7.541563 0.000000 0.000000 -0.000000 348.710297 4.304000 
0.514135 7.602576 0.000000 0.000000 0.000000 339.850098 4.302000 
0.517503 7.652283 0.000000 0.000000 -0.000000 330.771454 4.302000 
0.520000 7.689127 0.000000 0.000000 0.000000 321.484436 4.304000 
0.524427 7.754448 0.000000 0.000000 -0.000000 311.989990 4.304000 
0.527894 7.805612 0.000000 0.000000 -0.000000 302.309631 4.302000 
0.530000 7.836685 0.000000 0.000000 0.000000 292.425079 4.304000 
0.534835 7.908027 0.000000 0.000000 -0.000000 282.365295 4.302000 
0.538070 7.955759 0.000000 0.000000 -0.000000 272.123718 4.304000 
0.540000 7.984238 0.000000 0.000000 -0.000000 261.710205 4.304000 
0.544127 8.045125 0.000000 0.000000 -0.000000 251.136383 4.302000 
0.547650 8.097114 0.000000 0.000000 -0.000000 240.393509 4.304000 
0.550000 8.131786 0.000000 0.000000 -0.000000 229.501282 4.304000 
0.553971 8.190373 0.000000 0.000000 -0.000000 218.472916 4.302000 
0.557682 8.245122 0.000000 0.000000 -0.000000 207.299866 4.302000 
0.560000 8.279328 0.000000 0.000000 0.000000 195.996948 4.302000 
0.563987 8.338154 0.000000 0.000000 0.000000 184.570267 4.304000 
0.567832 8.394880 0.000000 0.000000 -0.000000 173.027298 4.302000 
0.570000 8.426866 0.000000 0.000000 0.000000 161.373932 4.302000 
0.573858 8.483781 0.000000 0.000000 0.000000 149.620880 4.304000 
0.578278 8.548993 0.000000 0.000000 -0.000000 137.770538 4.302000 
0.580000 8.574398 0.000000 0.000000 0.000000 125.833206 4.302000 
0.583252 8.622373 0.000000 0.000000 0.000000 113.820862 4.302000 
0.586741 8.673848 0.000000 0.000000 -0.000000 101.734406 4.304000 
0.590000 8.721925 0.000000 0.000000 0.000000 89.581192 4.304000 
0.594438 8.787391 0.000000 0.000000 0.000000 77.373795 4.301000 
0.597948 8.839172 0.000000 0.000000 -0.000000 65.116844 4.301000 
0.600000 8.869447 0.000000 0.000000 -0.000000 52.818893 4.307000 
0.604129 8.930364 0.000000 0.000000 0.000000 40.486423 4.306000 
0.607654 8.982353 0.000000 0.000000 0.000000 28.129580 4.306000 
0.610000 9.016964 0.000000 0.000000 0.000000 15.754882 4.306000 
0.614027 9.076365 0.000000 0.000000 0.000000 3.369804 4.306000 
0.617782 9.131755 0.000000 0.000000 0.000000 -9.017171 4.307000 
0.620000 9.164476 0.000000 0.000000 0.000000 -21.398405 4.306000 
0.624112 9.225132 0.000000 0.000000 -0.000000 -33.766399 4.306000 
0.627708 9.278177 0.000000 0.000000 0.000000 -46.112320 4.306000 
0.630000 9.311983 0.000000 0.000000 0.000000 -58.428993 4.306000 
0.634689 9.381144 0.000000 0.000000 -0.000000 -70.711052 4.301000 
0.637890 9.428369 0.000000 0.000000 0.000000 -82.946579 4.302000 
0.640000 9.459486 0.000000 0.000000 0.000000 -95.128357 4.302000 
0.644529 9.526286 0.000000 0.000000 -0.000000 -107.250595 4.304000 
0.648177 9.580091 0.000000 0.000000 -0.000000 -119.308678 4.302000 
0.650000 9.606984 0.000000 0.000000 -0.000000 -131.289932 4.304000 
0.653710 9.661701 0.000000 0.000000 -0.000000 -143.187241 4.302000 
0.658199 9.727914 0.000000 0.000000 -0.000000 -154.993958 4.302000 
0.660000 9.754477 0.000000 0.000000 -0.000000 -166.699203 4.304000 
0.662833 9.796259 0.000000 0.000000 -0.000000 -178.305862 4.302000 
0.666307 9.847493 0.000000 0.000000 -0.000000 -189.794113 4.304000 
0.670000 9.901965 0.000000 0.000000 -0.000000 -201.166473 4.302000 
0.674824 9.973111 0.000000 0.000000 0.000000 -212.412521 4.302000 
0.677754 10.016330 0.000000 0.000000 -0.000000 -223.520248 4.302000 
0.680000 10.049448 0.000000 0.000000 -0.000000 -234.493088 4.302000 
0.685702 10.133547 0.000000 0.000000 -0.000000 -245.311172 4.304000 
0.689059 10.183052 0.000000 0.000000 -0.000000 -255.971359 4.303000 
0.690000 10.196926 0.000000 0.000000 -0.000000 -266.472412 4.304000 
0.694249 10.259589 0.000000 0.000000 -0.000000 -276.815765 4.302000 
0.697120 10.301924 0.000000 0.000000 -0.000000 -286.979645 4.302000 
0.700000 10.344400 0.000000 0.000000 0.000000 -296.950439 4.302000 
0.704742 10.414331 0.000000 0.000000 -0.000000 -306.748291 4.302000 
0.710000 10.491868 0.000000 0.000000 -0.000000 -316.343079 4.302000 
0.713264 10.539999 0.000000 0.000000 0.000000 -325.742249 4.304000 
0.716528 10.588129 0.000000 0.000000 -0.000000 -334.935699 4.301000 
0.720000 10.639332 0.000000 0.000000 -0.000000 -343.911530 4.302000 
0.724175 10.700895 0.000000 0.000000 -0.000000 -352.678955 4.304000 
0.727317 10.747223 0.000000 0.000000 0.000000 -361.217773 4.302000 
0.730000 10.786791 0.000000 0.000000 -0.000000 -369.536438 4.302000 
0.734702 10.856124 0.000000 0.000000 0.000000 -377.614380 4.304000 
0.738588 10.913418 0.000000 0.000000 0.000000 -385.459961 4.302000 
0.740000 10.934245 0.000000 0.000000 0.000000 -393.052307 4.302000 
0.744550 11.001333 0.000000 0.000000 0.000000 -400.399872 4.302000 
0.747647 11.046994 0.000000 0.000000 0.000000 -407.493439 4.302000 
0.750000 11.081694 0.000000 0.000000 0.000000 -414.331635 4.302000 
0.753930 11.139647 0.000000 0.000000 0.000000 -420.923981 4.302000 
0.757734 11.195734 0.000000 0.000000 0.000000 -427.210602 4.261000 
0.760000 11.229138 0.000000 0.000000 0.000000 -433.201324 4.165000 
0.763957 11.287479 0.000000 0.000000 -0.000000 -438.927399 4.083000 
0.767696 11.342608 0.000000 0.000000 -0.000000 -444.383942 3.993000 
0.770000 11.376577 0.000000 0.000000 0.000000 -449.549469 3.894000 
0.774120 11.437316 0.000000 0.000000 0.000000 -454.422516 3.792000 
0.777737 11.490640 0.000000 0.000000 0.000000 -459.028473 3.692000 
0.780000 11.524011 0.000000 0.000000 0.000000 -463.320953 3.576000 
0.784580 11.591531 0.000000 0.000000 0.000000 -467.335602 3.451000 
0.787859 11.639875 0.000000 0.000000 0.000000 -471.039215 3.314000 
0.790000 11.671440 0.000000 0.000000 0.000000 -474.450348 3.178000 
0.794366 11.735810 0.000000 0.000000 0.000000 -477.569489 3.030000 
0.798843 11.801801 0.000000 0.000000 0.000000 -480.397125 2.877000 
0.800000 11.818863 0.000000 0.000000 0.000000 -482.905426 2.684000 
0.802976 11.862736 0.000000 0.000000 0.000000 -485.097809 2.484000 
0.806391 11.913073 0.000000 0.000000 0.000000 -487.002106 2.286000 
0.810000 11.966282 0.000000 0.000000 -0.000000 -488.582184 2.028000 
0.814685 12.035347 0.000000 0.000000 0.000000 -489.873688 1.775000 
0.818869 12.097027 0.000000 0.000000 0.000000 -490.824371 1.429000 
0.820000 12.113695 0.000000 0.000000 0.000000 -491.482086 1.083000 
0.822944 12.157099 0.000000 0.000000 0.000000 -491.848297 0.669000 
0.826042 12.202759 0.000000 0.000000 0.000000 -491.870758 0.050000 
0.830000 12.261103 0.000000 0.000000 -0.000000 -491.873688 0.011000 
0.835366 12.340197 0.000000 0.000000 -0.000000 -491.931641 1.027000 
0.838161 12.381403 0.000000 0.000000 0.000000 -491.554230 1.358000 
0.840000 12.408506 0.000000 0.000000 0.000000 -490.681213 1.623000 
0.845067 12.483189 0.000000 0.000000 0.000000 -489.333618 1.917000 
0.848352 12.531612 0.000000 0.000000 -0.000000 -487.576996 2.170000 
0.850000 12.555903 0.000000 0.000000 -0.000000 -485.456390 2.437000 
0.853659 12.609837 0.000000 0.000000 -0.000000 -483.019867 2.643000 
0.858080 12.675003 0.000000 0.000000 0.000000 -480.262543 2.839000 
0.860000 12.703295 0.000000 0.000000 0.000000 -477.221039 2.991000 
0.862917 12.746294 0.000000 0.000000 0.000000 -473.883636 3.140000 
0.866391 12.797486 0.000000 0.000000 -0.000000 -470.229340 3.292000 
0.870000 12.850682 0.000000 0.000000 0.000000 -466.278656 3.430000 
0.875123 12.926183 0.000000 0.000000 0.000000 -462.063324 3.542000 
0.878097 12.970020 0.000000 0.000000 -0.000000 -457.534515 3.663000 
0.880000 12.998063 0.000000 0.000000 -0.000000 -452.705902 3.782000 
0.885019 13.072029 0.000000 0.000000 0.000000 -447.618011 3.870000 
0.888265 13.119866 0.000000 0.000000 -0.000000 -442.232758 3.973000 
0.890000 13.145438 0.000000 0.000000 -0.000000 -436.580902 4.059000 
0.894800 13.216171 0.000000 0.000000 -0.000000 -430.635101 4.152000 
0.897941 13.262463 0.000000 0.000000 0.000000 -424.421722 4.235000 
0.900000 13.292809 0.000000 0.000000 0.000000 -417.944946 4.301000 
0.904317 13.356420 0.000000 0.000000 0.000000 -411.253632 4.301000 
0.907776 13.407395 0.000000 0.000000 -0.000000 -404.292023 4.302000 
0.910000 13.440173 0.000000 0.000000 0.000000 -397.081329 4.304000 
0.914126 13.500978 0.000000 0.000000 -0.000000 -389.616943 4.302000 
0.917794 13.555028 0.000000 0.000000 0.000000 -381.907318 4.302000 
0.920000 13.587532 0.000000 0.000000 0.000000 -373.953308 4.302000 
0.924210 13.649572 -0.000000 0.000000 -0.000000 -365.766693 4.302000 
0.928506 13.712878 -0.000000 0.000000 -0.000001 -357.358795 4.302000 
0.930000 13.734886 -0.000000 0.000000 -0.000001 -348.710297 4.304000 
0.933358 13.784360 -0.000000 0.000000 -0.000004 -339.850098 4.304000 
0.936504 13.830721 -0.000000 0.000000 -0.000006 -330.771454 4.304000 
0.940000 13.882233 -0.000000 0.000000 -0.000008 -321.484436 4.302000 
0.944492 13.948417 -0.000000 0.000000 -0.000016 -311.989990 4.304000 
0.947612 13.994384 -0.000000 0.000000 -0.000021 -302.309631 4.304000 
0.950000 14.029576 -0.000000 0.000000 -0.000025 -292.425079 4.302000 
0.953974 14.088123 -0.000000 0.000000 -0.000036 -282.365295 4.302000 
0.957947 14.146670 -0.000000 0.000000 -0.000047 -272.123718 4.302000 
0.960000 14.176912 -0.000000 0.000001 -0.000052 -261.710205 4.304000 
0.964755 14.246967 -0.000000 0.000001 -0.000073 -251.126053 4.302000 
0.968636 14.304151 -0.000000 0.000001 -0.000089 -240.392273 4.302000 
0.970000 14.324243 -0.000000 0.000001 -0.000094 -229.501129 4.303000 
0.973259 14.372257 -0.000000 0.000002 -0.000113 -218.472916 4.304000 
0.976713 14.423139 -0.000000 0.000002 -0.000133 -207.299866 4.304000 
0.980000 14.471568 -0.000000 0.000002 -0.000152 -195.996948 4.301000 
0.984238 14.534009 -0.000000 0.000003 -0.000184 -184.570267 4.302000 
0.987749 14.585732 -0.000000 0.000004 -0.000210 -173.027298 4.304000 
0.990000 14.618888 -0.000000 0.000004 -0.000227 -161.373932 4.302000 
0.993515 14.670674 -0.000000 0.000005 -0.000261 -149.620880 4.302000 
0.997031 14.722459 -0.000000 0.000006 -0.000294 -137.770538 4.302000 
1.000000 14.766201 -0.000000 0.000006 -0.000321 -125.833206 4.304000 
1.003535 14.818271 -0.000000 0.000007 -0.000363 -113.820862 4.301000 
1.007069 14.870339 -0.000000 0.000009 -0.000404 -101.734406 4.302000 
1.008438 14.890507 -0.000000 0.000009 -0.000420 -89.581192 4.304000 
1.009808 14.910674 -0.000000 0.000010 -0.000435 -77.373795 4.302000 
1.010000 14.913509 -0.000000 0.000010 -0.000437 -65.116844 4.304000 
1.010000 14.913509 -0.000000 0.000010 -0.000437 -52.818893 4.306000 
1.010192 14.916344 -0.000000 0.000010 -0.000440 -41.598087 4.309000 
1.011155 14.930519 -0.000000 0.000010 -0.000453 -31.633131 4.314000 
1.012125 14.944817 -0.000000 0.000011 -0.000463 -22.972349 4.316000 
1.013225 14.961016 -0.000000 0.000012 -0.000471 -15.647114 4.319000 
1.014468 14.979326 -0.000000 0.000014 -0.000474 -9.752147 4.177000 
1.016249 15.005558 -0.000000 0.000017 -0.000469 -5.401572 3.631000 
1.018632 15.040658 -0.000000 0.000023 -0.000450 -2.475333 2.964000 
1.020000 15.060812 0.000000 0.000026 -0.000433 -0.998014 1.967000 
1.021143 15.077650 0.000000 0.000030 -0.000419 -0.994030 0.011000 
1.022700 15.100582 0.000001 0.000035 -0.000391 -0.990061 0.011000 
1.024537 15.127637 0.000001 0.000042 -0.000344 -0.986109 0.011000 
1.026828 15.161390 0.000002 0.000053 -0.000267 -0.982172 0.011000 
1.029067 15.194363 0.000003 0.000064 -0.000177 -0.978251 0.011000 
1.030000 15.208108 0.000004 0.000068 -0.000136 -0.974346 0.011000 
1.031061 15.223737 0.000005 0.000074 -0.000091 -0.970456 0.011000 
1.032845 15.250013 0.000007 0.000084 -0.000003 -0.966582 0.011000 
1.034866 15.279775 0.000009 0.000097 0.000113 -0.962724 0.011000 
1.037425 15.317469 0.000012 0.000114 0.000282 -0.958881 0.011000 
1.040000 15.355399 0.000016 0.000132 0.000468 -0.955053 0.011000 
1.042129 15.386753 0.000020 0.000147 0.000629 -0.951241 0.011000 
1.044051 15.415059 0.000024 0.000162 0.000791 -0.947444 0.011000 
1.046619 15.452894 0.000030 0.000183 0.001030 -0.943663 0.011000 
1.049312 15.492555 0.000037 0.000206 0.001298 -0.939896 0.011000 
1.050000 15.502684 0.000039 0.000212 0.001369 -0.936145 0.011000 
1.051015 15.517626 0.000042 0.000220 0.001471 -0.932408 0.011000 
1.053046 15.547540 0.000049 0.000238 0.001688 -0.928687 0.011000 
1.055280 15.580443 0.000057 0.000258 0.001945 -0.924981 0.011000 
1.057790 15.617410 0.000067 0.000281 0.002252 -0.921289 0.011000 
1.060000 15.649963 0.000077 0.000302 0.002532 -0.917611 0.012000 
1.062131 15.681344 0.000087 0.000321 0.002806 -0.913949 0.011000 
1.064212 15.711994 0.000098 0.000341 0.003090 -0.910302 0.011000 
1.066648 15.747870 0.000111 0.000365 0.003441 -0.906669 0.011000 
1.069228 15.785864 0.000127 0.000391 0.003826 -0.903050 0.011000 
1.070000 15.797237 0.000132 0.000398 0.003942 -0.899446 0.011000 
1.071168 15.814438 0.000140 0.000409 0.004117 -0.895857 0.011000 
1.073335 15.846348 0.000155 0.000431 0.004454 -0.892281 0.011000 
1.075759 15.882048 0.000173 0.000455 0.004849 -0.888720 0.011000 
1.078140 15.917106 0.000192 0.000479 0.005250 -0.885174 0.011000 
1.080000 15.944504 0.000208 0.000497 0.005569 -0.881641 0.011000 
1.082014 15.974157 0.000226 0.000517 0.005915 -0.878123 0.011000 
1.084206 16.006438 0.000246 0.000539 0.006308 -0.874618 0.011000 
1.086560 16.041108 0.000270 0.000563 0.006744 -0.871127 0.011000 
1.089054 16.077833 0.000296 0.000588 0.007217 -0.867651 0.011000 
1.090000 16.091766 0.000307 0.000597 0.007397 -0.864188 0.011000 
1.091331 16.111373 0.000322 0.000610 0.007650 -0.860739 0.011000 
1.093568 16.144306 0.000348 0.000632 0.008085 -0.857304 0.011000 
1.096151 16.182342 0.000380 0.000658 0.008606 -0.853883 0.011000 
1.098466 16.216440 0.000410 0.000680 0.009083 -0.850475 0.011000 
1.100000 16.239022 0.000431 0.000695 0.009402 -0.847081 0.011000 
1.101740 16.264638 0.000455 0.000711 0.009761 -0.843700 0.011000 
1.103902 16.296482 0.000487 0.000732 0.010221 -0.840333 0.011000 
1.106253 16.331102 0.000523 0.000755 0.010734 -0.836980 0.011000 
1.108607 16.365753 0.000560 0.000777 0.011256 -0.833639 0.011000 
1.110000 16.386272 0.000583 0.000790 0.011566 -0.830312 0.011000 
1.111621 16.410146 0.000611 0.000804 0.011926 -0.826998 0.011000 
1.113772 16.441814 0.000649 0.000824 0.012413 -0.823698 0.011000 
1.116140 16.476674 0.000692 0.000846 0.012962 -0.820410 0.011000 
1.118442 16.510579 0.000736 0.000866 0.013505 -0.817136 0.011000 
1.120000 16.533515 0.000766 0.000880 0.013873 -0.813875 0.011000 
1.121707 16.558649 0.000801 0.000894 0.014274 -0.810626 0.011000 
1.123827 16.589871 0.000845 0.000913 0.014782 -0.807391 0.011000 
1.126138 16.623893 0.000895 0.000933 0.015348 -0.804168 0.011000 
1.128435 16.657716 0.000947 0.000952 0.015917 -0.800958 0.011000 
1.130000 16.680753 0.000983 0.000965 0.016305 -0.797761 0.011000 
1.131692 16.705664 0.001023 0.000978 0.016722 -0.794577 0.011000 
1.133795 16.736627 0.001075 0.000995 0.017251 -0.791406 0.011000 
1.136089 16.770406 0.001133 0.001014 0.017837 -0.788247 0.011000 
1.138363 16.803883 0.001192 0.001032 0.018425 -0.785100 0.011000 
1.140000 16.827985 0.001236 0.001044 0.018848 -0.781966 0.011000 
1.141718 16.853286 0.001283 0.001056 0.019290 -0.778845 0.011000 
1.143802 16.883954 0.001342 0.001072 0.019834 -0.775735 0.011000 
1.146067 16.917307 0.001408 0.001089 0.020435 -0.772639 0.011000 
1.148328 16.950599 0.001476 0.001105 0.021040 -0.769554 0.011000 
1.150000 16.975210 0.001528 0.001117 0.021488 -0.766482 0.011000 
1.151723 17.000582 0.001582 0.001128 0.021946 -0.763422 0.011000 
1.153790 17.031012 0.001649 0.001142 0.022503 -0.760374 0.011000 
1.156036 17.064079 0.001724 0.001157 0.023118 -0.757338 0.011000 
1.158282 17.097143 0.001801 0.001172 0.023737 -0.754314 0.011000 
1.160000 17.122430 0.001862 0.001183 0.024211 -0.751302 0.011000 
1.161736 17.147983 0.001924 0.001193 0.024686 -0.748303 0.011000 
1.163787 17.178184 0.002000 0.001206 0.025254 -0.922749 0.851000 
1.166013 17.210956 0.002084 0.001219 0.025880 -3.123379 2.954000 
1.168247 17.243839 0.002171 0.001233 0.026511 -6.925101 3.627000 
1.170000 17.269643 0.002240 0.001242 0.027006 -12.158634 4.122000 
1.171743 17.295301 0.002311 0.001252 0.027494 -18.688576 4.319000 
1.173781 17.325299 0.002396 0.001263 0.028072 -26.515448 4.316000 
1.175990 17.357826 0.002490 0.001275 0.028706 -35.736515 4.312000 
1.178212 17.390533 0.002587 0.001286 0.029346 -46.379734 4.309000 
1.180000 17.416849 0.002667 0.001295 0.029861 -58.467571 4.306000 
1.181751 17.442624 0.002747 0.001303 0.030361 -70.716415 4.304000 
1.183776 17.472434 0.002842 0.001313 0.030946 -82.947273 4.302000 
1.185971 17.504737 0.002946 0.001323 0.031587 -95.131020 4.302000 
1.188182 17.537289 0.003055 0.001333 0.032236 -107.255394 4.302000 
1.190000 17.564049 0.003145 0.001341 0.032768 -119.309341 4.302000 
1.191757 17.589918 0.003235 0.001348 0.033278 -131.289932 4.302000 
1.193771 17.619558 0.003340 0.001356 0.033868 -143.187241 4.302000 
1.195952 17.651666 0.003456 0.001365 0.034514 -154.993958 4.304000 
1.198154 17.684075 0.003576 0.001373 0.035168 -166.704330 4.304000 
1.200000 17.711243 0.003678 0.001380 0.035715 -178.306564 4.304000 
1.201763 17.737198 0.003778 0.001385 0.036233 -189.794235 4.302000 
1.203767 17.766684 0.003894 0.001392 0.036827 -201.166504 4.302000 
1.205936 17.798620 0.004021 0.001399 0.037477 -212.412521 4.302000 
1.208130 17.830900 0.004154 0.001406 0.038135 -223.520248 4.302000 
1.210000 17.858430 0.004269 0.001412 0.038695 -234.493088 4.302000 
1.211769 17.884461 0.004379 0.001416 0.039220 -245.311172 4.302000 
1.213763 17.913807 0.004507 0.001422 0.039816 -255.971359 4.302000 
1.215922 17.945595 0.004647 0.001427 0.040468 -266.483276 4.302000 
1.218108 17.977758 0.004792 0.001433 0.041129 -276.817078 4.302000 
1.220000 18.005610 0.004920 0.001437 0.041700 -286.979889 4.304000 
1.221773 18.031710 0.005043 0.001440 0.042229 -296.950439 4.304000 
1.223759 18.060929 0.005182 0.001444 0.042827 -306.748291 4.302000 
1.225910 18.092588 0.005336 0.001449 0.043480 -316.343079 4.304000 
1.228088 18.124649 0.005495 0.001453 0.044142 -325.742249 4.302000 
1.230000 18.152784 0.005637 0.001455 0.044721 -334.935699 4.302000 
1.231778 18.178945 0.005771 0.001458 0.045255 -343.921875 4.302000 
1.233755 18.208051 0.005923 0.001460 0.045853 -352.680389 4.304000 
1.235899 18.239601 0.006091 0.001463 0.046506 -361.218018 4.302000 
1.238072 18.271573 0.006265 0.001466 0.047168 -369.536438 4.304000 
1.240000 18.299951 0.006421 0.001467 0.047753 -377.614380 4.304000 
1.241781 18.326167 0.006569 0.001468 0.048289 -385.459961 4.302000 
1.243752 18.355171 0.006734 0.001470 0.048886 -393.052307 4.304000 
1.245890 18.386631 0.006917 0.001471 0.049538 -400.399872 4.302000 
1.248058 18.418525 0.007106 0.001472 0.050199 -407.493439 4.304000 
1.250000 18.447110 0.007278 0.001473 0.050789 -414.331635 4.302000 
1.251785 18.473376 0.007438 0.001473 0.051327 -420.923981 4.304000 
1.253750 18.502290 0.007618 0.001473 0.051922 -427.210602 4.259000 
1.255883 18.533679 0.007816 0.001473 0.052571 -433.201324 4.165000 
1.258046 18.565507 0.008021 0.001473 0.053231 -438.927399 4.085000 
1.260000 18.594262 0.008209 0.001472 0.053823 -444.383942 3.994000 
1.261788 18.620573 0.008384 0.001471 0.054361 -449.549469 3.894000 
1.263748 18.649408 0.008578 0.001470 0.054953 -454.422516 3.792000 
1.265877 18.680742 0.008793 0.001468 0.055600 -459.028473 3.692000 
1.268037 18.712517 0.009014 0.001467 0.056256 -463.320953 3.577000 
1.270000 18.741408 0.009219 0.001465 0.056850 -467.335602 3.450000 
1.271791 18.767757 0.009408 0.001463 0.057386 -471.039215 3.312000 
1.273746 18.796525 0.009618 0.001460 0.057975 -474.450348 3.176000 
1.275873 18.827821 0.009850 0.001458 0.058618 -477.569489 3.030000 
1.278030 18.859556 0.010089 0.001455 0.059271 -480.397125 2.877000 
1.280000 18.888545 0.010311 0.001452 0.059864 -482.905426 2.684000 
1.281793 18.914929 0.010516 0.001449 0.060398 -485.097809 2.482000 
1.283745 18.943640 0.010742 0.001445 0.060982 -487.002106 2.286000 
1.285870 18.974915 0.010992 0.001441 0.061622 -488.582184 2.027000 
1.288025 19.006620 0.011250 0.001437 0.062270 -489.873688 1.775000 
1.290000 19.035675 0.011489 0.001433 0.062860 -490.824371 1.431000 
1.291795 19.062090 0.011710 0.001429 0.063392 -491.501434 1.113000 
1.293744 19.090755 0.011953 0.001424 0.063971 -491.846344 0.634000 
1.295869 19.122023 0.012222 0.001419 0.064606 -491.875000 0.063000 
1.298023 19.153711 0.012499 0.001414 0.065248 -491.877930 0.011000 
1.300000 19.182798 0.012757 0.001409 0.065835 -491.934753 1.030000 
1.301797 19.209238 0.012994 0.001403 0.066362 -491.555969 1.358000 
1.303743 19.237868 0.013255 0.001398 0.066936 -490.695160 1.623000 
1.305869 19.269145 0.013544 0.001392 0.067565 -489.339722 1.915000 
1.308023 19.300829 0.013841 0.001385 0.068202 -487.557007 2.216000 
1.310000 19.329912 0.014117 0.001379 0.068783 -485.455902 2.424000 
1.311799 19.356373 0.014372 0.001373 0.069306 -483.019867 2.643000 
1.313743 19.384978 0.014651 0.001366 0.069874 -480.262543 2.841000 
1.315871 19.416280 0.014961 0.001359 0.070497 -477.221039 2.991000 
1.318025 19.447971 0.015279 0.001351 0.071127 -473.883636 3.142000 
1.320000 19.477018 0.015574 0.001344 0.071701 -470.229340 3.292000 
1.321800 19.503496 0.015847 0.001337 0.072219 -466.278656 3.430000 
1.323744 19.532088 0.016145 0.001329 0.072780 -462.063324 3.543000 
1.325874 19.563430 0.016477 0.001321 0.073397 -457.534515 3.663000 
1.328030 19.595141 0.016817 0.001312 0.074020 -452.705902 3.782000 
1.330000 19.624116 0.017131 0.001304 0.074585 -447.618011 3.867000 
1.331801 19.650605 0.017423 0.001296 0.075097 -442.232758 3.971000 
1.333744 19.679195 0.017741 0.001287 0.075651 -436.580902 4.056000 
1.335879 19.710592 0.018095 0.001278 0.076261 -430.635101 4.153000 
1.338037 19.742335 0.018458 0.001268 0.076877 -424.421722 4.234000 
1.340000 19.771206 0.018792 0.001259 0.077433 -417.944946 4.304000 
1.341801 19.797701 0.019102 0.001250 0.077937 -411.253632 4.302000 
1.343746 19.826300 0.019442 0.001241 0.078484 -404.292023 4.302000 
1.345885 19.857767 0.019819 0.001231 0.079087 -397.081329 4.302000 
1.348047 19.889555 0.020206 0.001220 0.079694 -389.616943 4.302000 
1.350000 19.918287 0.020560 0.001210 0.080239 -381.907318 4.304000 
1.351801 19.944782 0.020890 0.001200 0.080737 -373.963776 4.301000 
1.353747 19.973402 0.021251 0.001190 0.081275 -365.768036 4.304000 
1.355893 20.004956 0.021653 0.001179 0.081870 -357.359039 4.304000 
1.358058 20.036802 0.022065 0.001167 0.082469 -348.710297 4.302000 
1.360000 20.065359 0.022438 0.001156 0.083002 -339.850098 4.304000 
1.361801 20.091849 0.022789 0.001146 0.083492 -330.771454 4.302000 
1.363750 20.120502 0.023172 0.001135 0.084022 -321.484436 4.306000 
1.365902 20.152157 0.023601 0.001123 0.084609 -311.989990 4.301000 
1.368072 20.184076 0.024038 0.001110 0.085199 -302.309631 4.302000 
1.370000 20.212422 0.024431 0.001099 0.085719 -292.425079 4.302000 
1.371801 20.238900 0.024802 0.001088 0.086199 -282.365295 4.302000 
1.373752 20.267600 0.025209 0.001076 0.086721 -272.123718 4.302000 
1.375913 20.299374 0.025664 0.001063 0.087300 -261.710205 4.304000 
1.378089 20.331379 0.026129 0.001050 0.087880 -251.136383 4.302000 
1.380000 20.359475 0.026541 0.001038 0.088386 -240.393509 4.304000 
1.381799 20.385933 0.026934 0.001026 0.088857 -229.501282 4.302000 
1.383755 20.414693 0.027365 0.001013 0.089371 -218.472916 4.304000 
1.385925 20.446603 0.027848 0.000999 0.089940 -207.299866 4.304000 
1.388109 20.478709 0.028341 0.000985 0.090511 -195.996948 4.302000 
1.390000 20.506519 0.028772 0.000973 0.091002 -184.570267 4.304000 
1.391797 20.532949 0.029187 0.000960 0.091463 -173.027298 4.302000 
1.393758 20.561783 0.029643 0.000947 0.091967 -161.373932 4.302000 
1.395939 20.593847 0.030156 0.000933 0.092528 -149.620880 4.304000 
1.398131 20.626069 0.030678 0.000918 0.093089 -137.770538 4.302000 
1.400000 20.653554 0.031128 0.000905 0.093564 -125.833206 4.302000 
1.401795 20.679947 0.031564 0.000892 0.094014 -113.820862 4.304000 
1.403762 20.708870 0.032047 0.000878 0.094509 -101.734406 4.302000 
1.405955 20.741105 0.032591 0.000863 0.095060 -89.581192 4.302000 
1.408155 20.773460 0.033143 0.000847 0.095611 -77.373795 4.304000 
1.410000 20.800578 0.033611 0.000833 0.096069 -65.116844 4.304000 
1.411792 20.826923 0.034070 0.000820 0.096509 -52.818893 4.306000 
1.413767 20.855952 0.034580 0.000806 0.096994 -40.486423 4.306000 
1.415972 20.888380 0.035156 0.000789 0.097535 -28.129580 4.307000 
1.418183 20.920884 0.035740 0.000773 0.098075 -15.754882 4.307000 
1.420000 20.947592 0.036225 0.000759 0.098515 -3.369804 4.306000 
1.421788 20.973877 0.036706 0.000746 0.098944 9.017176 4.307000 
1.423771 21.003030 0.037245 0.000731 0.099419 21.398405 4.306000 
1.425992 21.035671 0.037855 0.000714 0.099951 33.766399 4.306000 
1.428214 21.068344 0.038472 0.000697 0.100480 46.112320 4.307000 
1.430000 21.094595 0.038973 0.000683 0.100902 58.428993 4.306000 
1.431783 21.120807 0.039477 0.000669 0.101318 70.711052 4.302000 
1.433776 21.150102 0.040046 0.000653 0.101783 82.946579 4.302000 
1.436013 21.182980 0.040691 0.000636 0.102305 95.128357 4.301000 
1.438248 21.215839 0.041342 0.000618 0.102823 107.250595 4.304000 
1.440000 21.241587 0.041858 0.000604 0.103225 119.308678 4.304000 
1.441777 21.267713 0.042385 0.000589 0.103629 131.289932 4.302000 
1.443782 21.297171 0.042985 0.000573 0.104084 143.187241 4.304000 
1.446037 21.330317 0.043667 0.000555 0.104595 154.993958 4.302000 
1.448287 21.363385 0.044355 0.000537 0.105102 166.699203 4.304000 
1.450000 21.388569 0.044883 0.000523 0.105484 178.305862 4.304000 
1.451770 21.414580 0.045433 0.000508 0.105875 189.794113 4.304000 
1.453787 21.444224 0.046066 0.000491 0.106320 201.166473 4.302000 
1.456061 21.477656 0.046786 0.000473 0.106820 212.412521 4.304000 
1.458327 21.510952 0.047512 0.000454 0.107315 223.520248 4.304000 
1.460000 21.535539 0.048052 0.000440 0.107678 234.493088 4.304000 
1.461762 21.561429 0.048625 0.000425 0.108055 245.311172 4.302000 
1.463793 21.591286 0.049292 0.000408 0.108489 255.971359 4.304000 
1.466090 21.625038 0.050053 0.000388 0.108979 266.472412 4.302000 
1.468373 21.658591 0.050817 0.000369 0.109462 276.815765 4.302000 
1.470000 21.682497 0.051367 0.000355 0.109803 286.979645 4.302000 
1.471751 21.708228 0.051962 0.000340 0.110166 296.950439 4.304000 
1.473799 21.738326 0.052665 0.000322 0.110590 306.748291 4.302000 
1.476120 21.772434 0.053469 0.000302 0.111068 316.343079 4.302000 
1.478423 21.806269 0.054274 0.000282 0.111539 325.742249 4.302000 
1.480000 21.829443 0.054831 0.000269 0.111859 334.935699 4.304000 
1.481739 21.854993 0.055448 0.000253 0.112207 343.911530 4.301000 
1.483806 21.885364 0.056189 0.000235 0.112620 352.678955 4.304000 
1.486154 21.919867 0.057038 0.000215 0.113088 361.217773 4.304000 
1.488478 21.954017 0.057887 0.000194 0.113546 369.536438 4.302000 
1.490000 21.976377 0.058447 0.000181 0.113844 377.614380 4.302000 
1.491724 22.001702 0.059086 0.000166 0.114177 385.459961 4.304000 
1.493812 22.032385 0.059866 0.000147 0.114579 393.052307 4.304000 
1.496190 22.067330 0.060763 0.000126 0.115035 400.399872 4.304000 
1.498539 22.101827 0.061657 0.000105 0.115482 407.493439 4.302000 
1.500000 22.123298 0.062217 0.000092 0.115756 414.331635 4.302000 
1.501706 22.148357 0.062876 0.000077 0.116074 420.923981 4.304000 
1.503818 22.179396 0.063699 0.000058 0.116465 427.210602 4.261000 
1.506231 22.214835 0.064646 0.000037 0.116910 433.201324 4.166000 
1.508606 22.249723 0.065588 0.000015 0.117344 438.927399 4.085000 
1.510000 22.270207 0.066145 0.000003 0.117596 444.383942 3.994000 
1.511684 22.294939 0.066822 -0.000013 0.117897 449.549469 3.894000 
1.513824 22.326385 0.067690 -0.000032 0.118278 454.422516 3.791000 
1.516275 22.362383 0.068692 -0.000054 0.118711 459.028473 3.690000 
1.518680 22.397706 0.069684 -0.000076 0.119132 463.320953 3.574000 
1.520000 22.417102 0.070233 -0.000088 0.119360 467.335602 3.451000 
1.521657 22.441437 0.070926 -0.000103 0.119644 471.039215 3.314000 
1.523830 22.473352 0.071841 -0.000123 0.120015 474.450348 3.176000 
1.526324 22.509985 0.072902 -0.000145 0.120437 477.569489 3.030000 
1.528762 22.545799 0.073948 -0.000167 0.120845 480.397125 2.877000 
1.530000 22.563983 0.074483 -0.000179 0.121050 482.905426 2.686000 
1.531624 22.587829 0.075189 -0.000194 0.121315 485.097809 2.482000 
1.533834 22.620289 0.076156 -0.000214 0.121675 487.002106 2.285000 
1.536378 22.657656 0.077280 -0.000237 0.122086 488.582184 2.027000 
1.538854 22.694027 0.078384 -0.000259 0.122481 489.873688 1.775000 
1.540000 22.710851 0.078898 -0.000270 0.122662 490.824371 1.431000 
1.541582 22.734080 0.079612 -0.000284 0.122909 491.482086 1.083000 
1.543836 22.767180 0.080636 -0.000305 0.123259 491.848297 0.669000 
1.546439 22.805405 0.081829 -0.000329 0.123659 491.870758 0.050000 
1.548959 22.842413 0.082995 -0.000352 0.124041 491.873688 0.011000 
1.550000 22.857705 0.083480 -0.000361 0.124197 491.931641 1.027000 
1.551529 22.880150 0.084196 -0.000375 0.124424 491.554230 1.358000 
1.553835 22.914014 0.085282 -0.000397 0.124764 490.681213 1.623000 
1.556508 22.953267 0.086553 -0.000421 0.125154 489.333618 1.915000 
1.559079 22.991017 0.087787 -0.000445 0.125523 487.576996 2.172000 
1.560000 23.004544 0.088232 -0.000453 0.125654 485.456390 2.437000 
1.561458 23.025950 0.088939 -0.000466 0.125859 483.019867 2.643000 
1.563827 23.060741 0.090095 -0.000488 0.126190 480.262543 2.841000 
1.566587 23.101259 0.091455 -0.000513 0.126570 477.221039 2.991000 
1.569218 23.139883 0.092763 -0.000537 0.126927 473.883636 3.142000 
1.570000 23.151368 0.093154 -0.000544 0.127032 470.229340 3.292000 
1.571362 23.171370 0.093838 -0.000557 0.127213 466.278656 3.430000 
1.573811 23.207323 0.095076 -0.000579 0.127536 462.063324 3.542000 
1.576683 23.249475 0.096540 -0.000605 0.127908 457.534515 3.662000 
1.579386 23.289162 0.097932 -0.000630 0.128253 452.705902 3.782000 
1.580000 23.298177 0.098250 -0.000636 0.128330 447.618011 3.868000 
1.581222 23.316109 0.098885 -0.000647 0.128483 442.232758 3.973000 
1.583774 23.353583 0.100219 -0.000670 0.128799 436.580902 4.059000 
1.586801 23.398015 0.101816 -0.000697 0.129167 430.635101 4.152000 
1.589595 23.439032 0.103305 -0.000723 0.129501 424.421722 4.232000 
1.590000 23.444970 0.103522 -0.000726 0.129548 417.944946 4.302000 
1.590994 23.459559 0.104055 -0.000735 0.129665 411.253632 4.304000 
1.593691 23.499142 0.105512 -0.000760 0.129977 404.292023 4.302000 
1.596574 23.541470 0.107084 -0.000786 0.130305 397.081329 4.304000 
1.599522 23.584732 0.108706 -0.000812 0.130632 389.616943 4.302000 
1.600000 23.591748 0.108970 -0.000817 0.130685 381.907318 4.302000 
1.601163 23.608819 0.109615 -0.000827 0.130811 373.953308 4.302000 
1.603983 23.650209 0.111190 -0.000852 0.131114 365.766693 4.304000 
1.607170 23.696979 0.112987 -0.000881 0.131449 357.358795 4.302000 
1.610000 23.738509 0.114598 -0.000906 0.131738 348.710297 4.302000 
1.612755 23.778943 0.116180 -0.000931 0.132014 339.850098 4.302000 
1.615511 23.819376 0.117776 -0.000955 0.132284 330.771454 4.302000 
1.618844 23.868298 0.119725 -0.000985 0.132602 321.484436 4.302000 
1.620000 23.885254 0.120405 -0.000995 0.132710 311.989990 4.302000 
1.622454 23.921264 0.121858 -0.001017 0.132935 302.309631 4.304000 
1.625786 23.970151 0.123849 -0.001046 0.133234 292.425079 4.302000 
1.630000 24.031982 0.126395 -0.001083 0.133598 282.365295 4.302000 
1.634993 24.105235 0.129454 -0.001127 0.134011 272.123718 4.304000 
1.639013 24.164219 0.131951 -0.001161 0.134327 261.710205 4.302000 
1.640000 24.178693 0.132568 -0.001170 0.134403 251.126053 4.302000 
1.642238 24.211523 0.133975 -0.001189 0.134572 240.392273 4.304000 
1.645465 24.258862 0.136020 -0.001217 0.134809 229.501129 4.302000 
1.649392 24.316466 0.138534 -0.001251 0.135084 218.472916 4.302000 
1.650000 24.325387 0.138926 -0.001256 0.135125 207.299866 4.302000 
1.651457 24.346764 0.139868 -0.001268 0.135224 195.996948 4.304000 
1.654431 24.390380 0.141803 -0.001293 0.135420 184.570267 4.302000 
1.657945 24.441918 0.144110 -0.001323 0.135641 173.027298 4.302000 
1.660000 24.472063 0.145470 -0.001340 0.135765 161.373932 4.304000 
1.662782 24.512861 0.147324 -0.001364 0.135929 149.620880 4.304000 
1.665364 24.550739 0.149057 -0.001385 0.136074 137.770538 4.302000 
1.668463 24.596174 0.151154 -0.001411 0.136241 125.833206 4.304000 
1.670000 24.618721 0.152201 -0.001424 0.136321 113.820862 4.304000 
1.672209 24.651115 0.153713 -0.001442 0.136433 101.734406 4.301000 
1.674703 24.687688 0.155431 -0.001463 0.136555 89.581192 4.304000 
1.677695 24.731563 0.157508 -0.001487 0.136692 77.373795 4.301000 
1.680000 24.765360 0.159119 -0.001506 0.136793 65.116844 4.302000 
1.682670 24.804509 0.160998 -0.001528 0.136907 52.818893 4.306000 
1.685010 24.838823 0.162657 -0.001547 0.137000 41.598087 4.311000 
1.687793 24.879622 0.164642 -0.001569 0.137104 31.633131 4.312000 
1.690000 24.911981 0.166227 -0.001587 0.137182 22.972349 4.316000 
1.692513 24.948821 0.168042 -0.001607 0.137268 15.647114 4.321000 
1.694787 24.982164 0.169696 -0.001625 0.137339 9.752147 4.176000 
1.697483 25.021681 0.171669 -0.001646 0.137418 5.401656 3.631000 
1.700000 25.058583 0.173523 -0.001666 0.137486 2.475350 2.962000 
1.702590 25.096547 0.175444 -0.001686 0.137553 0.997963 1.967000 
1.704790 25.128801 0.177086 -0.001703 0.137604 0.993979 0.011000 
1.707387 25.166872 0.179036 -0.001723 0.137658 0.990010 0.011000 
1.710000 25.205166 0.181010 -0.001744 0.137706 0.986058 0.011000 
1.712561 25.242698 0.182958 -0.001763 0.137751 0.982121 0.011000 
1.714709 25.274185 0.184602 -0.001780 0.137783 0.978200 0.011000 
1.717237 25.311242 0.186547 -0.001799 0.137814 0.974295 0.011000 
1.720000 25.351730 0.188687 -0.001820 0.137842 0.970405 0.012000 
1.722557 25.389205 0.190681 -0.001839 0.137866 0.966531 0.011000 
1.724659 25.420011 0.192330 -0.001855 0.137879 0.962673 0.011000 
1.727127 25.456172 0.194275 -0.001873 0.137889 0.958830 0.011000 
1.730000 25.498273 0.196556 -0.001894 0.137894 0.955002 0.011000 
1.732542 25.535518 0.198586 -0.001913 0.137896 0.951190 0.011000 
1.734605 25.565752 0.200243 -0.001928 0.137892 0.947393 0.011000 
1.737021 25.601156 0.202194 -0.001945 0.137881 0.943612 0.011000 
1.740000 25.644797 0.204615 -0.001967 0.137862 0.939845 0.011000 
1.742528 25.681841 0.206683 -0.001985 0.137842 0.936094 0.011000 
1.744558 25.711577 0.208352 -0.001999 0.137821 0.932357 0.011000 
1.746930 25.746319 0.210312 -0.002016 0.137791 0.928636 0.011000 
1.750000 25.791301 0.212866 -0.002038 0.137745 0.924929 0.011000 
1.752000 25.820604 0.214539 -0.002052 0.137714 0.921237 0.011000 
1.754001 25.849906 0.216220 -0.002066 0.137677 0.917560 0.011000 
1.756413 25.885247 0.218258 -0.002083 0.137627 0.913898 0.011000 
1.758865 25.921167 0.220341 -0.002100 0.137571 0.910251 0.011000 
1.760000 25.937784 0.221308 -0.002107 0.137544 0.906618 0.011000 
1.761471 25.959332 0.222566 -0.002117 0.137509 0.903000 0.011000 
1.763525 25.989417 0.224330 -0.002131 0.137457 0.899396 0.011000 
1.765942 26.024818 0.226415 -0.002147 0.137388 0.895806 0.011000 
1.768224 26.058239 0.228394 -0.002163 0.137318 0.892231 0.011000 
1.770000 26.084247 0.229942 -0.002174 0.137261 0.888670 0.011000 
1.771885 26.111857 0.231591 -0.002187 0.137201 0.885123 0.011000 
1.773874 26.140986 0.233338 -0.002200 0.137132 0.881591 0.011000 
1.776239 26.175610 0.235425 -0.002215 0.137044 0.878072 0.011000 
1.778555 26.209533 0.237479 -0.002231 0.136953 0.874568 0.011000 
1.780000 26.230689 0.238766 -0.002240 0.136895 0.871078 0.011000 
1.781655 26.254929 0.240245 -0.002250 0.136829 0.867601 0.011000 
1.783640 26.283989 0.242026 -0.002263 0.136744 0.864139 0.011000 
1.785985 26.318318 0.244139 -0.002278 0.136638 0.860690 0.011000 
1.788226 26.351130 0.246168 -0.002292 0.136532 0.857256 0.011000 
1.790000 26.377110 0.247782 -0.002303 0.136445 0.853835 0.011000 
1.791839 26.404039 0.249460 -0.002315 0.136356 0.850427 0.011000 
1.793786 26.432546 0.251245 -0.002327 0.136257 0.847034 0.011000 
1.796099 26.466396 0.253373 -0.002341 0.136132 0.843653 0.011000 
1.798346 26.499301 0.255452 -0.002355 0.136007 0.840286 0.011000 
1.800000 26.523510 0.256987 -0.002365 0.135912 0.836933 0.011000 
1.801751 26.549140 0.258619 -0.002375 0.135813 0.833593 0.011000 
1.803685 26.577459 0.260428 -0.002387 0.135699 0.830266 0.011000 
1.805977 26.611006 0.262581 -0.002401 0.135556 0.826953 0.011000 
1.808183 26.643288 0.264661 -0.002414 0.135415 0.823653 0.011000 
1.810000 26.669888 0.266383 -0.002424 0.135297 0.820365 0.011000 
1.811826 26.696607 0.268119 -0.002435 0.135178 0.817091 0.011000 
1.813736 26.724570 0.269942 -0.002446 0.135049 0.813830 0.011000 
1.816005 26.757778 0.272116 -0.002459 0.134889 0.810582 0.011000 
1.818202 26.789938 0.274231 -0.002472 0.134730 0.807347 0.011000 
1.820000 26.816245 0.275968 -0.002482 0.134598 0.804125 0.011000 
1.821799 26.842567 0.277712 -0.002492 0.134466 0.800916 0.011000 
1.823695 26.870316 0.279557 -0.002503 0.134322 0.797719 0.011000 
1.825946 26.903254 0.281756 -0.002515 0.134146 0.794535 0.011000 
1.828117 26.935032 0.283886 -0.002527 0.133970 0.791364 0.011000 
1.830000 26.962580 0.285741 -0.002538 0.133817 0.788205 0.011000 
1.831828 26.989329 0.287548 -0.002547 0.133668 0.785059 0.011000 
1.833707 27.016820 0.289411 -0.002558 0.133510 0.781926 0.011000 
1.835940 27.049495 0.291635 -0.002570 0.133316 0.778805 0.011000 
1.838099 27.081079 0.293793 -0.002581 0.133124 0.775696 0.011000 
1.840000 27.108894 0.295701 -0.002591 0.132953 0.772600 0.011000 
1.841823 27.135570 0.297538 -0.002601 0.132790 0.769516 0.011000 
1.843689 27.162862 0.299423 -0.002610 0.132618 0.766444 0.011000 
1.845907 27.195308 0.301672 -0.002622 0.132408 0.763385 0.011000 
1.848048 27.226626 0.303853 -0.002633 0.132200 0.760337 0.011000 
1.850000 27.255186 0.305848 -0.002643 0.132008 0.757302 0.011000 
1.851836 27.282036 0.307731 -0.002652 0.131829 0.754279 0.011000 
1.853688 27.309127 0.309637 -0.002661 0.131644 0.751268 0.011000 
1.855891 27.341360 0.311913 -0.002672 0.131416 0.748268 0.011000 
1.858019 27.372483 0.314119 -0.002683 0.131193 0.745281 0.011000 
1.860000 27.401456 0.316181 -0.002692 0.130982 0.742306 0.011000 
1.861837 27.428325 0.318099 -0.002701 0.130789 0.739342 0.012000 
1.863678 27.455245 0.320027 -0.002710 0.130589 0.736390 0.011000 
1.865869 27.487288 0.322330 -0.002720 0.130346 0.733450 0.011000 
1.867983 27.518205 0.324561 -0.002730 0.130106 0.730522 0.011000 
1.870000 27.547704 0.326697 -0.002739 0.129876 0.727605 0.011000 
1.871843 27.574653 0.328655 -0.002748 0.129667 0.724700 0.011000 
1.873673 27.601412 0.330605 -0.002756 0.129454 0.721806 0.011000 
1.875852 27.633283 0.332936 -0.002766 0.129194 0.718923 0.011000 
1.877955 27.664025 0.335193 -0.002776 0.128939 0.716053 0.011000 
1.880000 27.693929 0.337396 -0.002785 0.128689 0.713193 0.011000 
1.881845 27.720913 0.339390 -0.002792 0.128465 0.710345 0.011000 
1.883666 27.747529 0.341364 -0.002800 0.128239 0.707508 0.011000 
1.885835 27.779245 0.343723 -0.002810 0.127963 0.704682 0.011000 
1.887927 27.809822 0.346006 -0.002819 0.127693 0.701868 0.011000 
1.890000 27.840133 0.348276 -0.002828 0.127423 0.699065 0.011000 
1.891849 27.867159 0.350307 -0.002835 0.127184 0.696272 0.011000 
1.893661 27.893646 0.352304 -0.002843 0.126945 0.693492 0.011000 
1.895821 27.925223 0.354692 -0.002852 0.126653 0.690721 0.011000 
1.897902 27.955653 0.357001 -0.002860 0.126367 0.687962 0.011000 
1.900000 27.986315 0.359336 -0.002869 0.126078 0.685214 0.012000 
1.901851 28.013368 0.361403 -0.002876 0.125824 0.682477 0.011000 
1.903655 28.039739 0.363423 -0.002883 0.125572 0.679750 0.011000 
1.905807 28.071194 0.365840 -0.002891 0.125264 0.677035 0.011000 
1.907880 28.101490 0.368177 -0.002899 0.124964 0.674330 0.011000 
1.910000 28.132475 0.370574 -0.002907 0.124655 0.671636 0.011000 
1.911853 28.159552 0.372675 -0.002914 0.124387 0.668952 0.011000 
1.913650 28.185820 0.374720 -0.002921 0.124121 0.666280 0.011000 
1.915795 28.217167 0.377167 -0.002929 0.123798 0.663618 0.011000 
1.917860 28.247344 0.379531 -0.002936 0.123483 0.660966 0.011000 
1.920000 28.278612 0.381988 -0.002944 0.123154 0.658325 0.011000 
1.921854 28.305707 0.384123 -0.002950 0.122872 0.655695 0.011000 
1.923646 28.331885 0.386192 -0.002956 0.122593 0.653075 0.011000 
1.925785 28.363138 0.388670 -0.002964 0.122254 0.650465 0.011000 
1.927843 28.393209 0.391061 -0.002971 0.121924 0.647866 0.011000 
1.930000 28.424728 0.393576 -0.002978 0.121577 0.645277 0.011000 
1.931855 28.451836 0.395745 -0.002984 0.121280 0.642699 0.011000 
1.933642 28.477936 0.397839 -0.002990 0.120989 0.640131 0.011000 
1.935776 28.509109 0.400347 -0.002997 0.120635 0.637573 0.011000 
1.937828 28.539088 0.402767 -0.003004 0.120290 0.635025 0.011000 
1.940000 28.570821 0.405336 -0.003010 0.119924 0.632487 0.011000 
1.941856 28.597939 0.407538 -0.003016 0.119613 0.629960 0.011000 
1.943639 28.623972 0.409657 -0.003021 0.119309 0.627443 0.011000 
1.945768 28.655080 0.412197 -0.003028 0.118939 0.624935 0.011000 
1.947815 28.684980 0.414645 -0.003034 0.118580 0.622438 0.011000 
1.950000 28.716893 0.417266 -0.003040 0.118195 0.619951 0.011000 
1.951857 28.744017 0.419500 -0.003046 0.117870 0.617473 0.011000 
1.953636 28.769994 0.421645 -0.003051 0.117554 0.615006 0.011000 
1.955762 28.801049 0.424217 -0.003057 0.117169 0.612548 0.011000 
1.957805 28.830883 0.426694 -0.003063 0.116795 0.610101 0.011000 
1.960000 28.862942 0.429364 -0.003068 0.116392 0.607663 0.011000 
1.961858 28.890071 0.431630 -0.003073 0.116054 0.605234 0.011000 
1.963633 28.916002 0.433801 -0.003078 0.115725 0.602816 0.011000 
1.965757 28.947018 0.436404 -0.003083 0.115325 0.600407 0.011000 
1.967797 28.976799 0.438911 -0.003089 0.114937 0.598008 0.011000 
1.970000 29.008970 0.441627 -0.003094 0.114516 0.595618 0.011000 
1.971858 29.036100 0.443924 -0.003098 0.114165 0.593238 0.011000 
1.973632 29.061997 0.446121 -0.003102 0.113823 0.590867 0.011000 
1.975754 29.092987 0.448758 -0.003108 0.113408 0.588506 0.011000 
1.977791 29.122727 0.451295 -0.003113 0.113006 0.586155 0.011000 
1.980000 29.154977 0.454054 -0.003117 0.112568 0.583812 0.011000 
1.981858 29.182105 0.456380 -0.003121 0.112203 0.581479 0.011000 
1.983630 29.207979 0.458605 -0.003125 0.111849 0.579156 0.011000 
1.985752 29.238956 0.461274 -0.003130 0.111419 0.576842 0.011000 
1.987788 29.268668 0.463842 -0.003134 0.111002 0.574537 0.011000 
1.990000 29.300961 0.466640 -0.003139 0.110548 0.572241 0.011000 
1.991858 29.328087 0.468996 -0.003142 0.110170 0.569954 0.011000 
1.993630 29.353948 0.471248 -0.003146 0.109804 0.567676 0.011000 
1.995752 29.384926 0.473952 -0.003150 0.109359 0.565408 0.011000 
1.997787 29.414623 0.476550 -0.003154 0.108928 0.563149 0.011000 
2.000000 29.446925 0.479384 -0.003158 0.108458 0.560898 0.011000 
2.001858 29.474046 0.481769 -0.003161 0.108067 0.558657 0.011000 
2.003630 29.499904 0.484049 -0.003164 0.107689 0.556424 0.011000 
2.005754 29.530897 0.486787 -0.003168 0.107228 0.554201 0.011000 
2.007788 29.560592 0.489417 -0.003171 0.106784 0.551986 0.011000 
2.010000 29.592867 0.492283 -0.003175 0.106299 0.549780 0.011000 
2.011858 29.619983 0.494697 -0.003177 0.105896 0.547584 0.011000 
2.013631 29.645848 0.497004 -0.003180 0.105505 0.545395 0.011000 
2.015757 29.676870 0.499778 -0.003184 0.105029 0.543216 0.011000 
2.017792 29.706576 0.502440 -0.003187 0.104570 0.541045 0.011000 
2.020000 29.738789 0.505334 -0.003190 0.104072 0.538883 0.011000 
2.021858 29.765896 0.507775 -0.003192 0.103656 0.536730 0.011000 
2.023632 29.791781 0.510111 -0.003194 0.103253 0.534585 0.011000 
2.025761 29.822845 0.512921 -0.003197 0.102763 0.532449 0.011000 
2.027799 29.852576 0.515616 -0.003200 0.102290 0.530321 0.011000 
2.030000 29.884689 0.518534 -0.003202 0.101778 0.528202 0.011000 
2.031857 29.911787 0.521002 -0.003204 0.101350 0.526091 0.011000 
2.033634 29.937701 0.523367 -0.003206 0.100935 0.523989 0.011000 
2.035767 29.968823 0.526213 -0.003209 0.100429 0.521895 0.011000 
2.037808 29.998593 0.528942 -0.003211 0.099942 0.519810 0.011000 
2.040000 30.030569 0.531880 -0.003213 0.099418 0.517733 0.011000 
2.041857 30.057655 0.534374 -0.003214 0.098978 0.515664 0.011000 
2.043636 30.083610 0.536769 -0.003216 0.098551 0.513603 0.011000 
2.045775 30.114805 0.539652 -0.003218 0.098031 0.511551 0.011000 
2.047820 30.144628 0.542416 -0.003220 0.097529 0.509507 0.011000 
2.050000 30.176429 0.545369 -0.003221 0.096994 0.507470 0.011000 
2.051856 30.203500 0.547888 -0.003222 0.096543 0.505443 0.011000 
2.053639 30.229508 0.550313 -0.003223 0.096103 0.503423 0.011000 
2.055784 30.260792 0.553235 -0.003225 0.095568 0.501411 0.011000 
2.057834 30.290684 0.556034 -0.003226 0.095052 0.499407 0.011000 
2.060000 30.322269 0.558997 -0.003227 0.094508 0.498409 0.007000 
2.061855 30.349323 0.561540 -0.003228 0.094045 0.496417 0.011000 
2.063643 30.375396 0.563996 -0.003229 0.093593 0.495424 0.007000 
2.065796 30.406786 0.566958 -0.003230 0.093042 0.493444 0.011000 
2.067851 30.436761 0.569793 -0.003231 0.092513 0.492457 0.007000 
2.070000 30.468089 0.572761 -0.003232 0.091959 0.490490 0.011000 
2.071854 30.495123 0.575328 -0.003232 0.091486 0.489509 0.007000 
2.073648 30.521272 0.577815 -0.003232 0.091022 0.487553 0.011000 
2.075809 30.552787 0.580818 -0.003233 0.090456 0.486577 0.007000 
2.077872 30.582862 0.583690 -0.003234 0.089912 0.484633 0.011000 
2.080000 30.613890 0.586658 -0.003234 0.089351 0.483664 0.007000 
2.081853 30.640899 0.589247 -0.003233 0.088867 0.481731 0.011000 
2.083653 30.667139 0.591767 -0.003233 0.088391 0.480768 0.007000 
2.085824 30.698797 0.594812 -0.003234 0.087809 0.478846 0.011000 
2.087895 30.728990 0.597722 -0.003234 0.087251 0.477889 0.007000 
2.090000 30.759671 0.600684 -0.003234 0.086684 0.475979 0.011000 
2.091851 30.786651 0.603294 -0.003233 0.086190 0.475027 0.007000 
2.093658 30.812995 0.605847 -0.003233 0.085701 0.473129 0.011000 
2.095841 30.844817 0.608936 -0.003233 0.085104 0.472182 0.007000 
2.097922 30.875147 0.611885 -0.003232 0.084532 0.470296 0.011000 
2.100000 30.905434 0.614836 -0.003232 0.083960 0.469355 0.007000 
2.101849 30.932379 0.617466 -0.003231 0.083456 0.467479 0.011000 
2.103664 30.958841 0.620052 -0.003230 0.082955 0.466545 0.007000 
2.105861 30.990850 0.623187 -0.003229 0.082342 0.464680 0.011000 
2.107952 31.021336 0.626177 -0.003229 0.081755 0.463751 0.007000 
2.110000 31.051178 0.629110 -0.003227 0.081181 0.461898 0.011000 
2.111846 31.078081 0.631758 -0.003226 0.080668 0.460974 0.007000 
2.113671 31.104678 0.634379 -0.003225 0.080154 0.459132 0.011000 
2.115882 31.136897 0.637561 -0.003224 0.079525 0.458213 0.007000 
2.117986 31.167562 0.640594 -0.003223 0.078924 0.456382 0.012000 
2.120000 31.196904 0.643501 -0.003221 0.078348 0.455470 0.007000 
2.121843 31.223756 0.646166 -0.003220 0.077826 0.453650 0.011000 
2.123678 31.250504 0.648824 -0.003218 0.077300 0.452742 0.007000 
2.125906 31.282961 0.652055 -0.003217 0.076655 0.450933 0.011000 
2.128024 31.313828 0.655132 -0.003215 0.076038 0.450031 0.007000 
2.130000 31.342613 0.658007 -0.003213 0.075463 0.448233 0.011000 
2.131839 31.369403 0.660686 -0.003211 0.074933 0.447336 0.007000 
2.133686 31.396320 0.663382 -0.003209 0.074394 0.445549 0.011000 
2.135932 31.429044 0.666665 -0.003207 0.073732 0.444658 0.007000 
2.138067 31.460139 0.669789 -0.003205 0.073100 0.442881 0.011000 
2.140000 31.488304 0.672623 -0.003203 0.072528 0.441995 0.007000 
2.141834 31.515019 0.675315 -0.003201 0.071990 0.440229 0.011000 
2.143695 31.542126 0.678050 -0.003199 0.071439 0.439348 0.007000 
2.145961 31.575149 0.681387 -0.003196 0.070759 0.437593 0.011000 
2.148114 31.606502 0.684560 -0.003194 0.070111 0.436718 0.007000 
2.150000 31.633978 0.687345 -0.003191 0.069544 0.434972 0.011000 
2.151828 31.660602 0.690047 -0.003188 0.069000 0.434102 0.007000 
2.153703 31.687921 0.692823 -0.003186 0.068435 0.432368 0.011000 
2.155993 31.721279 0.696218 -0.003183 0.067738 0.431503 0.007000 
2.158166 31.752924 0.699443 -0.003180 0.067074 0.429779 0.011000 
2.160000 31.779635 0.702169 -0.003177 0.066514 0.428919 0.007000 
2.161820 31.806149 0.704878 -0.003174 0.065964 0.427205 0.011000 
2.163712 31.833704 0.707697 -0.003171 0.065386 0.426351 0.007000 
2.166029 31.867437 0.711153 -0.003168 0.064670 0.424647 0.011000 
2.168224 31.899413 0.714434 -0.003165 0.063989 0.423798 0.007000 
2.170000 31.925276 0.717091 -0.003161 0.063440 0.422104 0.011000 
2.171811 31.951655 0.719804 -0.003158 0.062884 0.421260 0.007000 
2.173722 31.979474 0.722669 -0.003155 0.062292 0.419576 0.011000 
2.176067 32.013628 0.726190 -0.003151 0.061558 0.418737 0.007000 
2.178288 32.045978 0.729530 -0.003147 0.060859 0.417064 0.011000 
2.180000 32.070902 0.732107 -0.003144 0.060322 0.416230 0.007000 
2.181800 32.097115 0.734820 -0.003140 0.059763 0.414567 0.011000 
2.183731 32.125230 0.737732 -0.003136 0.059156 0.413737 0.007000 
2.186109 32.159856 0.741324 -0.003132 0.058402 0.412084 0.011000 
2.188360 32.192634 0.744729 -0.003128 0.057685 0.411260 0.007000 
2.190000 32.216513 0.747212 -0.003124 0.057164 0.409617 0.011000 
2.191786 32.242522 0.749919 -0.003120 0.056602 0.408797 0.007000 
2.193740 32.270968 0.752884 -0.003116 0.055981 0.407164 0.011000 
2.196155 32.306125 0.756552 -0.003111 0.055206 0.406349 0.007000 
2.198440 32.339394 0.760027 -0.003107 0.054469 0.404726 0.011000 
2.200000 32.362108 0.762402 -0.003103 0.053968 0.403916 0.007000 
2.201777 32.387976 0.765110 -0.003099 0.053402 0.402302 0.011000 
2.203759 32.416831 0.768133 -0.003094 0.052764 0.401497 0.007000 
2.206214 32.452574 0.771882 -0.003089 0.051967 0.399893 0.011000 
2.208549 32.486569 0.775453 -0.003083 0.051206 0.399093 0.007000 
2.210000 32.507690 0.777673 -0.003080 0.050735 0.397498 0.011000 
2.211741 32.533032 0.780340 -0.003075 0.050174 0.396703 0.007000 
2.213763 32.562476 0.783440 -0.003070 0.049517 0.395118 0.011000 
2.216266 32.598911 0.787282 -0.003064 0.048695 0.394328 0.007000 
2.218659 32.633737 0.790958 -0.003059 0.047907 0.392752 0.011000 
2.220000 32.653257 0.793020 -0.003055 0.047467 0.391967 0.007000 
2.221617 32.676795 0.795509 -0.003050 0.046941 0.390400 0.011000 
2.223698 32.707084 0.798714 -0.003045 0.046259 0.389620 0.007000 
2.226236 32.744025 0.802627 -0.003039 0.045417 0.388063 0.011000 
2.228683 32.779645 0.806405 -0.003032 0.044604 0.387287 0.007000 
2.230000 32.798811 0.808439 -0.003028 0.044168 0.385739 0.011000 
2.231552 32.821397 0.810838 -0.003024 0.043658 0.384967 0.007000 
2.233616 32.851445 0.814032 -0.003018 0.042975 0.383429 0.013000 
2.236057 32.886974 0.817812 -0.003011 0.042159 0.382662 0.007000 
2.238590 32.923830 0.821737 -0.003004 0.041309 0.381133 0.011000 
2.240000 32.944353 0.823925 -0.003000 0.040838 0.380371 0.007000 
2.241561 32.967068 0.826348 -0.002995 0.040321 0.378851 0.011000 
2.243555 32.996097 0.829446 -0.002989 0.039655 0.378093 0.007000 
2.245922 33.030530 0.833124 -0.002983 0.038857 0.376582 0.011000 
2.248561 33.068945 0.837232 -0.002975 0.037964 0.375829 0.007000 
2.250000 33.089882 0.839473 -0.002970 0.037479 0.374327 0.011000 
2.251513 33.111903 0.841831 -0.002965 0.036974 0.373579 0.007000 
2.253428 33.139767 0.844816 -0.002959 0.036329 0.372086 0.011000 
2.255686 33.172618 0.848339 -0.002953 0.035563 0.371342 0.007000 
2.258461 33.213007 0.852674 -0.002944 0.034617 0.369858 0.011000 
2.260000 33.235399 0.855079 -0.002939 0.034094 0.369118 0.007000 
2.260000 33.235399 0.855079 -0.002939 0.034094 0.367643 0.011000 
2.261539 33.257790 0.857485 -0.002934 0.033577 0.366908 0.007000 
2.263351 33.284164 0.860321 -0.002928 0.032963 0.365442 0.011000 
2.265500 33.315430 0.863685 -0.002921 0.032228 0.364711 0.007000 
2.268111 33.353414 0.867776 -0.002913 0.031332 0.363253 0.011000 
2.270000 33.380904 0.870738 -0.002906 0.030686 0.362527 0.007000 
2.271567 33.403705 0.873196 -0.002900 0.030155 0.361078 0.011000 
2.273253 33.428239 0.875843 -0.002895 0.029580 0.360356 0.007000 
2.275259 33.457419 0.878992 -0.002888 0.028890 0.358916 0.011000 
2.277637 33.492018 0.882729 -0.002880 0.028069 0.358198 0.007000 
2.279230 33.515202 0.885235 -0.002874 0.027519 0.356767 0.011000 
2.280000 33.526399 0.886445 -0.002872 0.027255 0.356053 0.007000 
2.280800 33.538045 0.887704 -0.002869 0.026983 0.354630 0.011000 
2.282303 33.559907 0.890069 -0.002863 0.026470 0.353921 0.007000 
