0.000000 0.000000 0.000000 -0.000000 0.000000 0.000000 
0.010000 0.150000 0.000000 -0.000000 0.000000 0.000000 
0.020000 0.300000 0.000000 -0.000000 0.000000 0.000000 
0.030000 0.450000 0.000000 -0.000000 0.000000 0.000000 
0.040000 0.600000 0.000000 -0.000000 0.000000 0.000000 
0.050000 0.750000 0.000000 -0.000000 0.000000 0.000000 
0.060000 0.900000 0.000000 -0.000000 0.000000 0.000000 
0.070000 1.050000 0.000000 -0.000000 0.000000 0.000000 
0.080000 1.200000 0.000000 -0.000000 0.000000 0.000000 
0.090000 1.350000 0.000000 -0.000000 0.000000 0.000000 
0.100000 1.500000 0.000000 -0.000000 0.000000 0.000000 
0.110000 1.650000 0.000000 -0.000000 0.000000 0.000000 
0.120000 1.800000 0.000000 -0.000000 0.000000 0.000000 
0.130000 1.950000 0.000000 -0.000000 0.000000 0.000000 
0.140000 2.100000 0.000000 -0.000000 0.000000 0.000000 
0.150000 2.250000 0.000000 -0.000000 0.000000 0.000000 
0.160000 2.400000 0.000000 -0.000000 0.000000 0.000000 
0.170000 2.550000 0.000000 -0.000000 0.000000 0.000000 
0.180000 2.700000 0.000000 -0.000000 0.000000 0.000000 
0.190000 2.850000 0.000000 -0.000000 0.000000 0.000000 
0.200000 3.000000 0.000000 -0.000000 0.000000 0.000000 
0.210000 3.150000 0.000000 -0.000000 0.000000 0.000000 
0.220000 3.300000 0.000000 -0.000000 0.000000 0.000000 
0.230000 3.450000 0.000000 -0.000000 0.000000 0.000000 
0.240000 3.600000 0.000000 -0.000000 0.000000 0.000000 
0.250000 3.750000 0.000000 -0.000000 0.000000 0.000000 
0.260000 3.900000 0.000000 -0.000000 0.000000 0.000000 
0.270000 4.050000 0.000000 -0.000000 0.000000 0.000000 
0.280000 4.200000 0.000000 -0.000000 0.000000 0.000000 
0.290000 4.350000 0.000000 -0.000000 0.000000 0.000000 
0.300000 4.500000 0.000000 -0.000000 0.000000 0.000000 
0.310000 4.650000 0.000000 -0.000000 0.000000 0.000000 
0.320000 4.800000 0.000000 -0.000000 0.000000 0.000000 
0.330000 4.950000 0.000000 -0.000000 0.000000 0.000000 
0.340000 5.100000 0.000000 -0.000000 0.000000 0.000000 
0.350000 5.250000 0.000000 -0.000000 0.000000 0.000000 
0.360000 5.400000 0.000000 -0.000000 0.000000 0.000000 
0.370000 5.550000 0.000000 -0.000000 0.000000 0.000000 
0.380000 5.700000 0.000000 -0.000000 0.000000 0.000000 
0.390000 5.850000 0.000000 -0.000000 0.000000 0.000000 
0.400000 6.000000 0.000000 -0.000000 0.000000 0.000000 
0.410000 6.150000 0.000000 -0.000000 0.000000 0.000000 
0.420000 6.300000 0.000000 -0.000000 0.000000 0.000000 
0.430000 6.450000 0.000000 -0.000000 0.000000 0.000000 
0.440000 6.600000 0.000000 -0.000000 0.000000 0.000000 
0.450000 6.750000 0.000000 -0.000000 0.000000 0.000000 
0.460000 6.900000 0.000000 -0.000000 0.000000 0.000000 
0.470000 7.050000 0.000000 -0.000000 0.000000 0.000000 
0.480000 7.200000 0.000000 -0.000000 0.000000 0.000000 
0.490000 7.350000 0.000000 -0.000000 0.000000 0.000000 
0.500000 7.500000 0.000000 -0.000000 0.000000 0.000000 
0.510000 7.650000 0.000000 -0.000000 0.000000 0.000000 
0.520000 7.800000 0.000000 -0.000000 0.000000 0.000000 
0.530000 7.950000 0.000000 -0.000000 0.000000 0.000000 
0.540000 8.100000 0.000000 -0.000000 0.000000 0.000000 
0.550000 8.250000 0.000000 -0.000000 0.000000 0.000000 
0.560000 8.400000 0.000000 -0.000000 0.000000 0.000000 
0.570000 8.550000 0.000000 -0.000000 0.000000 0.000000 
0.580000 8.700000 0.000000 -0.000000 0.000000 0.000000 
0.590000 8.850000 0.000000 -0.000000 0.000000 0.000000 
0.600000 9.000000 0.000000 -0.000000 0.000000 0.000000 
0.610000 9.150000 0.000000 -0.000000 0.000000 0.000000 
0.620000 9.300000 0.000000 -0.000000 0.000000 0.000000 
0.630000 9.450000 0.000000 -0.000000 0.000000 0.000000 
0.640000 9.600000 0.000000 -0.000000 0.000000 0.000000 
0.650000 9.750000 0.000000 -0.000000 0.000000 0.000000 
0.660000 9.900000 0.000000 -0.000000 0.000000 0.000000 
0.670000 10.050000 0.000000 -0.000000 0.000000 0.000000 
0.680000 10.200000 0.000000 -0.000000 0.000000 0.000000 
0.690000 10.350000 0.000000 -0.000000 0.000000 0.000000 
0.700000 10.500000 0.000000 -0.000000 0.000000 0.000000 
0.710000 10.650000 0.000000 -0.000000 0.000000 0.000000 
0.720000 10.800000 0.000000 -0.000000 0.000000 0.000000 
0.730000 10.950000 0.000000 -0.000000 0.000000 0.000000 
0.740000 11.100000 0.000000 -0.000000 0.000000 0.000000 
0.750000 11.250000 0.000000 -0.000000 0.000000 0.000000 
0.760000 11.400000 0.000000 -0.000000 0.000000 0.000000 
0.770000 11.550000 0.000000 -0.000000 0.000000 0.000000 
0.780000 11.700000 0.000000 -0.000000 0.000000 0.000000 
0.790000 11.850000 0.000000 -0.000000 0.000000 0.000000 
0.800000 12.000000 0.000000 -0.000000 0.000000 0.000000 
0.810000 12.150000 0.000000 -0.000000 0.000000 0.000000 
0.820000 12.300000 0.000000 -0.000000 0.000000 0.000000 
0.830000 12.450000 0.000000 -0.000000 0.000000 0.000000 
0.840000 12.600000 0.000000 -0.000000 0.000000 0.000000 
0.850000 12.750000 0.000000 -0.000000 0.000000 0.000000 
0.860000 12.900000 0.000000 -0.000000 0.000000 0.000000 
0.870000 13.050000 0.000000 -0.000000 0.000000 0.000000 
0.880000 13.200000 0.000000 -0.000000 0.000000 0.000000 
0.890000 13.350000 0.000000 -0.000000 0.000000 0.000000 
0.900000 13.500000 0.000000 -0.000000 0.000000 0.000000 
0.910000 13.650000 0.000000 -0.000000 0.000000 0.000000 
0.920000 13.800000 0.000000 -0.000000 0.000000 0.000000 
0.930000 13.950000 0.000000 -0.000000 0.000000 0.000000 
0.940000 14.100000 0.000000 -0.000000 0.000000 0.000000 
0.950000 14.250000 0.000000 -0.000000 0.000000 0.000000 
0.960000 14.400000 0.000000 -0.000000 0.000000 0.000000 
0.970000 14.550000 0.000000 -0.000000 0.000000 0.000000 
0.980000 14.700000 0.000000 -0.000000 0.000000 0.000000 
0.990000 14.850000 0.000000 -0.000000 0.000000 0.000000 
1.000000 15.000000 0.000000 -0.000000 0.000000 0.000000 
1.010000 15.150000 0.000000 -0.000944 0.002659 0.000877 
1.020000 15.300000 0.000004 -0.001886 0.005316 0.001754 
1.030000 15.450000 0.000016 -0.002828 0.007970 0.002629 
1.040000 15.600000 0.000040 -0.003768 0.010618 0.003503 
1.050000 15.750000 0.000080 -0.004706 0.013260 0.004375 
1.060000 15.900000 0.000139 -0.005640 0.015894 0.005244 
1.070000 16.050000 0.000223 -0.006571 0.018518 0.006109 
1.080000 16.200000 0.000334 -0.007498 0.021129 0.006971 
1.090000 16.350000 0.000477 -0.008420 0.023728 0.007829 
1.100000 16.500000 0.000656 -0.009337 0.026312 0.008681 
1.110000 16.650000 0.000874 -0.010248 0.028879 0.009528 
1.120000 16.799999 0.001136 -0.011153 0.031427 0.010369 
1.130000 16.949999 0.001444 -0.012050 0.033956 0.011203 
1.140000 17.099999 0.001804 -0.012940 0.036463 0.012030 
1.150000 17.249998 0.002218 -0.013821 0.038948 0.012850 
1.160000 17.399997 0.002690 -0.014694 0.041408 0.013662 
1.170000 17.549996 0.003225 -0.015558 0.043841 0.014464 
1.180000 17.699995 0.003826 -0.016412 0.046247 0.015258 
1.190000 17.849994 0.004496 -0.017255 0.048624 0.016042 
1.200000 17.999992 0.005238 -0.018088 0.050970 0.016816 
1.210000 18.149990 0.006058 -0.018909 0.053284 0.017580 
1.220000 18.299987 0.006957 -0.019718 0.055564 0.018332 
1.230000 18.449984 0.007939 -0.020515 0.057809 0.019073 
1.240000 18.599980 0.009008 -0.021299 0.060017 0.019801 
1.250000 18.749975 0.010168 -0.022069 0.062188 0.020518 
1.260000 18.899970 0.011420 -0.022825 0.064319 0.021221 
1.270000 19.049964 0.012769 -0.023567 0.066410 0.021911 
1.280000 19.199957 0.014218 -0.024294 0.068459 0.022587 
1.290000 19.349949 0.015769 -0.025006 0.070465 0.023248 
1.300000 19.499940 0.017426 -0.025702 0.072426 0.023895 
1.310000 19.649930 0.019192 -0.026381 0.074341 0.024527 
1.320000 19.799918 0.021069 -0.027045 0.076209 0.025144 
1.330000 19.949905 0.023060 -0.027690 0.078029 0.025744 
1.340000 20.099890 0.025169 -0.028319 0.079800 0.026328 
1.350000 20.249873 0.027397 -0.028929 0.081521 0.026896 
1.360000 20.399855 0.029747 -0.029522 0.083190 0.027447 
1.370000 20.549834 0.032223 -0.030095 0.084806 0.027980 
1.380000 20.699812 0.034825 -0.030650 0.086369 0.028496 
1.390000 20.849787 0.037557 -0.031185 0.087878 0.028993 
1.400000 20.999760 0.040421 -0.031701 0.089331 0.029473 
1.410000 21.149730 0.043418 -0.032196 0.090727 0.029933 
1.420000 21.299697 0.046552 -0.032672 0.092066 0.030375 
1.430000 21.449661 0.049824 -0.033126 0.093347 0.030798 
1.440000 21.599622 0.053236 -0.033560 0.094569 0.031201 
1.450000 21.749580 0.056789 -0.033972 0.095731 0.031584 
1.460000 21.899535 0.060486 -0.034363 0.096833 0.031948 
1.470000 22.049485 0.064329 -0.034733 0.097874 0.032291 
1.480000 22.199432 0.068318 -0.035080 0.098853 0.032614 
1.490000 22.349375 0.072455 -0.035405 0.099769 0.032917 
1.500000 22.499314 0.076742 -0.035708 0.100623 0.033198 
1.510000 22.649248 0.081180 -0.035988 0.101412 0.033459 
1.520000 22.799178 0.085770 -0.036246 0.102138 0.033698 
1.530000 22.949103 0.090513 -0.036481 0.102799 0.033916 
1.540000 23.099023 0.095410 -0.036692 0.103396 0.034113 
1.550000 23.248938 0.100462 -0.036881 0.103927 0.034288 
1.560000 23.398848 0.105670 -0.037046 0.104392 0.034442 
1.570000 23.548752 0.111034 -0.037188 0.104792 0.034574 
1.580000 23.698650 0.116556 -0.037306 0.105125 0.034684 
1.590000 23.848542 0.122235 -0.037401 0.105392 0.034772 
1.600000 23.998429 0.128072 -0.037472 0.105592 0.034838 
1.610000 24.148309 0.134067 -0.037519 0.105726 0.034882 
1.620000 24.298183 0.140221 -0.037543 0.105792 0.034904 
1.630000 24.448050 0.146533 -0.037543 0.105792 0.034904 
1.640000 24.597910 0.153004 -0.037519 0.105726 0.034882 
1.650000 24.747764 0.159634 -0.037472 0.105592 0.034838 
1.660000 24.897610 0.166421 -0.037401 0.105392 0.034772 
1.670000 25.047449 0.173367 -0.037306 0.105125 0.034684 
1.680000 25.197281 0.180469 -0.037188 0.104792 0.034574 
1.690000 25.347105 0.187729 -0.037046 0.104392 0.034442 
1.700000 25.496922 0.195146 -0.036881 0.103927 0.034288 
1.710000 25.646730 0.202718 -0.036692 0.103396 0.034113 
1.720000 25.796531 0.210445 -0.036481 0.102799 0.033916 
1.730000 25.946324 0.218326 -0.036246 0.102138 0.033698 
1.740000 26.096109 0.226360 -0.035988 0.101412 0.033459 
1.750000 26.245885 0.234546 -0.035708 0.100623 0.033198 
1.760000 26.395653 0.242882 -0.035405 0.099769 0.032917 
1.770000 26.545413 0.251368 -0.035080 0.098853 0.032614 
1.780000 26.695164 0.260002 -0.034733 0.097874 0.032291 
1.790000 26.844907 0.268783 -0.034363 0.096833 0.031948 
1.800000 26.994641 0.277708 -0.033972 0.095731 0.031584 
1.810000 27.144367 0.286777 -0.033560 0.094569 0.031201 
1.820000 27.294084 0.295988 -0.033126 0.093347 0.030798 
1.830000 27.443792 0.305338 -0.032672 0.092066 0.030375 
1.840000 27.593492 0.314826 -0.032196 0.090727 0.029933 
1.850000 27.743183 0.324450 -0.031701 0.089331 0.029473 
1.860000 27.892865 0.334207 -0.031185 0.087878 0.028993 
1.870000 28.042539 0.344097 -0.030650 0.086369 0.028496 
1.880000 28.192204 0.354115 -0.030095 0.084806 0.027980 
1.890000 28.341860 0.364260 -0.029522 0.083190 0.027447 
1.900000 28.491508 0.374530 -0.028929 0.081521 0.026896 
1.910000 28.641148 0.384922 -0.028319 0.079800 0.026328 
1.920000 28.790779 0.395433 -0.027690 0.078029 0.025744 
1.930000 28.940402 0.406061 -0.027045 0.076209 0.025144 
1.940000 29.090017 0.416803 -0.026381 0.074341 0.024527 
1.950000 29.239624 0.427656 -0.025702 0.072426 0.023895 
1.960000 29.389223 0.438618 -0.025006 0.070465 0.023248 
1.970000 29.538814 0.449685 -0.024294 0.068459 0.022587 
1.980000 29.688398 0.460854 -0.023567 0.066410 0.021911 
1.990000 29.837974 0.472123 -0.022825 0.064319 0.021221 
2.000000 29.987543 0.483488 -0.022069 0.062188 0.020518 
2.010000 30.137104 0.494946 -0.021299 0.060017 0.019801 
2.020000 30.286659 0.506493 -0.020515 0.057809 0.019073 
2.030000 30.436207 0.518128 -0.019718 0.055564 0.018332 
2.040000 30.585749 0.529845 -0.018909 0.053284 0.017580 
2.050000 30.735284 0.541642 -0.018088 0.050970 0.016816 
2.060000 30.884814 0.553515 -0.017255 0.048624 0.016042 
2.070000 31.034337 0.565461 -0.016412 0.046247 0.015258 
2.080000 31.183855 0.577476 -0.015558 0.043841 0.014464 
2.090000 31.333368 0.589556 -0.014694 0.041408 0.013662 
2.100000 31.482876 0.601699 -0.013821 0.038948 0.012850 
2.110000 31.632379 0.613899 -0.012940 0.036463 0.012030 
2.120000 31.781877 0.626155 -0.012050 0.033956 0.011203 
2.130000 31.931372 0.638461 -0.011153 0.031427 0.010369 
2.140000 32.080862 0.650814 -0.010248 0.028879 0.009528 
2.150000 32.230349 0.663210 -0.009337 0.026312 0.008681 
2.160000 32.379833 0.675645 -0.008420 0.023728 0.007829 
2.170000 32.529313 0.688116 -0.007498 0.021129 0.006971 
2.180000 32.678792 0.700619 -0.006571 0.018518 0.006109 
2.190000 32.828267 0.713149 -0.005640 0.015894 0.005244 
2.200000 32.977741 0.725703 -0.004706 0.013260 0.004375 
2.210000 33.127213 0.738276 -0.003768 0.010618 0.003503 
2.220000 33.276684 0.750866 -0.002828 0.007970 0.002629 
2.230000 33.426154 0.763468 -0.001886 0.005316 0.001754 
2.240000 33.575623 0.776077 -0.000944 0.002659 0.000877 
2.250000 33.725091 0.788691 -0.000000 0.000000 0.000000 
2.260000 33.874560 0.801304 0.000944 -0.002659 -0.000877 
2.270000 34.024029 0.813913 0.001886 -0.005316 -0.001754 
2.280000 34.173499 0.826515 0.002828 -0.007970 -0.002629 
2.290000 34.322970 0.839105 0.003768 -0.010618 -0.003503 
2.300000 34.472442 0.851678 0.004706 -0.013260 -0.004375 
2.310000 34.621915 0.864232 0.005640 -0.015894 -0.005244 
2.320000 34.771391 0.876762 0.006571 -0.018518 -0.006109 
2.330000 34.920869 0.889265 0.007498 -0.021129 -0.006971 
2.340000 35.070350 0.901736 0.008420 -0.023728 -0.007829 
2.350000 35.219834 0.914171 0.009337 -0.026312 -0.008681 
2.360000 35.369320 0.926567 0.010248 -0.028879 -0.009528 
2.370000 35.518811 0.938920 0.011153 -0.031427 -0.010369 
2.380000 35.668305 0.951226 0.012050 -0.033956 -0.011203 
2.390000 35.817804 0.963482 0.012940 -0.036463 -0.012030 
2.400000 35.967307 0.975682 0.013821 -0.038948 -0.012850 
2.410000 36.116815 0.987825 0.014694 -0.041408 -0.013662 
2.420000 36.266327 0.999905 0.015558 -0.043841 -0.014464 
2.430000 36.415845 1.011920 0.016412 -0.046247 -0.015258 
2.440000 36.565369 1.023866 0.017255 -0.048624 -0.016042 
2.450000 36.714898 1.035739 0.018088 -0.050970 -0.016816 
2.460000 36.864434 1.047536 0.018909 -0.053284 -0.017580 
2.470000 37.013975 1.059253 0.019718 -0.055564 -0.018332 
2.480000 37.163523 1.070888 0.020515 -0.057809 -0.019073 
2.490000 37.313078 1.082435 0.021299 -0.060017 -0.019801 
2.500000 37.462640 1.093893 0.022069 -0.062188 -0.020518 
2.510000 37.612209 1.105258 0.022825 -0.064319 -0.021221 
2.520000 37.761785 1.116527 0.023567 -0.066410 -0.021911 
2.530000 37.911369 1.127696 0.024294 -0.068459 -0.022587 
2.540000 38.060960 1.138763 0.025006 -0.070465 -0.023248 
2.550000 38.210559 1.149725 0.025702 -0.072426 -0.023895 
2.560000 38.360165 1.160578 0.026381 -0.074341 -0.024527 
2.570000 38.509780 1.171320 0.027045 -0.076209 -0.025144 
2.580000 38.659403 1.181948 0.027690 -0.078029 -0.025744 
2.590000 38.809035 1.192459 0.028319 -0.079800 -0.026328 
2.600000 38.958674 1.202851 0.028929 -0.081521 -0.026896 
2.610000 39.108322 1.213121 0.029522 -0.083190 -0.027447 
2.620000 39.257979 1.223266 0.030095 -0.084806 -0.027980 
2.630000 39.407644 1.233285 0.030650 -0.086369 -0.028496 
2.640000 39.557318 1.243174 0.031185 -0.087878 -0.028993 
2.650000 39.707000 1.252931 0.031701 -0.089331 -0.029473 
2.660000 39.856691 1.262555 0.032196 -0.090727 -0.029933 
2.670000 40.006390 1.272043 0.032672 -0.092066 -0.030375 
2.680000 40.156099 1.281393 0.033126 -0.093347 -0.030798 
2.690000 40.305816 1.290604 0.033560 -0.094569 -0.031201 
2.700000 40.455541 1.299673 0.033972 -0.095731 -0.031584 
2.710000 40.605275 1.308598 0.034363 -0.096833 -0.031948 
2.720000 40.755018 1.317379 0.034733 -0.097874 -0.032291 
2.730000 40.904770 1.326013 0.035080 -0.098853 -0.032614 
2.740000 41.054529 1.334499 0.035405 -0.099769 -0.032917 
2.750000 41.204297 1.342835 0.035708 -0.100623 -0.033198 
2.760000 41.354074 1.351021 0.035988 -0.101412 -0.033459 
2.770000 41.503859 1.359055 0.036246 -0.102138 -0.033698 
2.780000 41.653651 1.366936 0.036481 -0.102799 -0.033916 
2.790000 41.803452 1.374663 0.036692 -0.103396 -0.034113 
2.800000 41.953261 1.382235 0.036881 -0.103927 -0.034288 
2.810000 42.103078 1.389652 0.037046 -0.104392 -0.034442 
2.820000 42.252902 1.396912 0.037188 -0.104792 -0.034574 
2.830000 42.402734 1.404015 0.037306 -0.105125 -0.034684 
2.840000 42.552573 1.410960 0.037401 -0.105392 -0.034772 
2.850000 42.702419 1.417748 0.037472 -0.105592 -0.034838 
2.860000 42.852272 1.424377 0.037519 -0.105726 -0.034882 
2.870000 43.002133 1.430848 0.037543 -0.105792 -0.034904 
2.880000 43.152000 1.437160 0.037543 -0.105792 -0.034904 
2.890000 43.301874 1.443314 0.037519 -0.105726 -0.034882 
2.900000 43.451754 1.449309 0.037472 -0.105592 -0.034838 
2.910000 43.601640 1.455146 0.037401 -0.105392 -0.034772 
2.920000 43.751533 1.460825 0.037306 -0.105125 -0.034684 
2.930000 43.901431 1.466347 0.037188 -0.104792 -0.034574 
2.940000 44.051335 1.471711 0.037046 -0.104392 -0.034442 
2.950000 44.201245 1.476919 0.036881 -0.103927 -0.034288 
2.960000 44.351159 1.481971 0.036692 -0.103396 -0.034113 
2.970000 44.501080 1.486868 0.036481 -0.102799 -0.033916 
2.980000 44.651005 1.491611 0.036246 -0.102138 -0.033698 
2.990000 44.800934 1.496201 0.035988 -0.101412 -0.033459 
3.000000 44.950869 1.500639 0.035708 -0.100623 -0.033198 
3.010000 45.100807 1.504926 0.035405 -0.099769 -0.032917 
3.020000 45.250750 1.509063 0.035080 -0.098853 -0.032614 
3.030000 45.400697 1.513052 0.034733 -0.097874 -0.032291 
3.040000 45.550648 1.516895 0.034363 -0.096833 -0.031948 
3.050000 45.700602 1.520592 0.033972 -0.095731 -0.031584 
3.060000 45.850560 1.524146 0.033560 -0.094569 -0.031201 
3.070000 46.000522 1.527557 0.033126 -0.093347 -0.030798 
3.080000 46.150486 1.530829 0.032672 -0.092066 -0.030375 
3.090000 46.300453 1.533963 0.032196 -0.090727 -0.029933 
3.100000 46.450423 1.536961 0.031701 -0.089331 -0.029473 
3.110000 46.600396 1.539824 0.031185 -0.087878 -0.028993 
3.120000 46.750371 1.542556 0.030650 -0.086369 -0.028496 
3.130000 46.900348 1.545159 0.030095 -0.084806 -0.027980 
3.140000 47.050328 1.547634 0.029522 -0.083190 -0.027447 
3.150000 47.200310 1.549984 0.028929 -0.081521 -0.026896 
3.160000 47.350293 1.552212 0.028319 -0.079800 -0.026328 
3.170000 47.500278 1.554321 0.027690 -0.078029 -0.025744 
3.180000 47.650265 1.556312 0.027045 -0.076209 -0.025144 
3.190000 47.800253 1.558189 0.026381 -0.074341 -0.024527 
3.200000 47.950243 1.559955 0.025702 -0.072426 -0.023895 
3.210000 48.100234 1.561612 0.025006 -0.070465 -0.023248 
3.220000 48.250226 1.563163 0.024294 -0.068459 -0.022587 
3.230000 48.400219 1.564612 0.023567 -0.066410 -0.021911 
3.240000 48.550213 1.565961 0.022825 -0.064319 -0.021221 
3.250000 48.700207 1.567213 0.022069 -0.062188 -0.020518 
3.260000 48.850203 1.568373 0.021299 -0.060017 -0.019801 
3.270000 49.000199 1.569442 0.020515 -0.057809 -0.019073 
3.280000 49.150196 1.570424 0.019718 -0.055564 -0.018332 
3.290000 49.300193 1.571323 0.018909 -0.053284 -0.017580 
3.300000 49.450191 1.572143 0.018088 -0.050970 -0.016816 
3.310000 49.600189 1.572886 0.017255 -0.048624 -0.016042 
3.320000 49.750188 1.573555 0.016412 -0.046247 -0.015258 
3.330000 49.900186 1.574156 0.015558 -0.043841 -0.014464 
3.340000 50.050185 1.574691 0.014694 -0.041408 -0.013662 
3.350000 50.200185 1.575163 0.013821 -0.038948 -0.012850 
3.360000 50.350184 1.575577 0.012940 -0.036463 -0.012030 
3.370000 50.500184 1.575937 0.012050 -0.033956 -0.011203 
3.380000 50.650183 1.576245 0.011153 -0.031427 -0.010369 
3.390000 50.800183 1.576507 0.010248 -0.028879 -0.009528 
3.400000 50.950183 1.576725 0.009337 -0.026312 -0.008681 
3.410000 51.100183 1.576904 0.008420 -0.023728 -0.007829 
3.420000 51.250183 1.577047 0.007498 -0.021129 -0.006971 
3.430000 51.400183 1.577158 0.006571 -0.018518 -0.006109 
3.440000 51.550183 1.577242 0.005640 -0.015894 -0.005244 
3.450000 51.700183 1.577301 0.004706 -0.013260 -0.004375 
3.460000 51.850183 1.577341 0.003768 -0.010618 -0.003503 
3.470000 52.000183 1.577365 0.002828 -0.007970 -0.002629 
3.480000 52.150183 1.577377 0.001886 -0.005316 -0.001754 
3.490000 52.300183 1.577381 0.000944 -0.002659 -0.000877 
3.500000 52.450183 1.577381 0.000000 -0.000000 -0.000000 
3.510000 52.600183 1.577381 -0.000000 0.000000 0.000000 
3.520000 52.750183 1.577381 -0.000000 0.000000 0.000000 
3.530000 52.900183 1.577381 -0.000000 0.000000 0.000000 
3.540000 53.050183 1.577381 -0.000000 0.000000 0.000000 
3.550000 53.200183 1.577381 -0.000000 0.000000 0.000000 
3.560000 53.350183 1.577381 -0.000000 0.000000 0.000000 
3.570000 53.500183 1.577381 -0.000000 0.000000 0.000000 
3.580000 53.650183 1.577381 -0.000000 0.000000 0.000000 
3.590000 53.800183 1.577381 -0.000000 0.000000 0.000000 
3.600000 53.950183 1.577381 -0.000000 0.000000 0.000000 
3.610000 54.100183 1.577381 -0.000000 0.000000 0.000000 
3.620000 54.250183 1.577381 -0.000000 0.000000 0.000000 
3.630000 54.400183 1.577381 -0.000000 0.000000 0.000000 
3.640000 54.550183 1.577381 -0.000000 0.000000 0.000000 
3.650000 54.700183 1.577381 -0.000000 0.000000 0.000000 
3.660000 54.850183 1.577381 -0.000000 0.000000 0.000000 
3.670000 55.000183 1.577381 -0.000000 0.000000 0.000000 
3.680000 55.150183 1.577381 -0.000000 0.000000 0.000000 
3.690000 55.300183 1.577381 -0.000000 0.000000 0.000000 
3.700000 55.450183 1.577381 -0.000000 0.000000 0.000000 
3.710000 55.600183 1.577381 -0.000000 0.000000 0.000000 
3.720000 55.750183 1.577381 -0.000000 0.000000 0.000000 
3.730000 55.900183 1.577381 -0.000000 0.000000 0.000000 
3.740000 56.050183 1.577381 -0.000000 0.000000 0.000000 
3.750000 56.200183 1.577381 -0.000000 0.000000 0.000000 
3.760000 56.350183 1.577381 -0.000000 0.000000 0.000000 
3.770000 56.500183 1.577381 -0.000000 0.000000 0.000000 
3.780000 56.650183 1.577381 -0.000000 0.000000 0.000000 
3.790000 56.800183 1.577381 -0.000000 0.000000 0.000000 
3.800000 56.950183 1.577381 -0.000000 0.000000 0.000000 
3.810000 57.100183 1.577381 -0.000000 0.000000 0.000000 
3.820000 57.250183 1.577381 -0.000000 0.000000 0.000000 
3.830000 57.400183 1.577381 -0.000000 0.000000 0.000000 
3.840000 57.550183 1.577381 -0.000000 0.000000 0.000000 
3.850000 57.700183 1.577381 -0.000000 0.000000 0.000000 
3.860000 57.850183 1.577381 -0.000000 0.000000 0.000000 
3.870000 58.000183 1.577381 -0.000000 0.000000 0.000000 
3.880000 58.150183 1.577381 -0.000000 0.000000 0.000000 
3.890000 58.300183 1.577381 -0.000000 0.000000 0.000000 
3.900000 58.450183 1.577381 -0.000000 0.000000 0.000000 
3.910000 58.600183 1.577381 -0.000000 0.000000 0.000000 
3.920000 58.750183 1.577381 -0.000000 0.000000 0.000000 
3.930000 58.900183 1.577381 -0.000000 0.000000 0.000000 
3.940000 59.050183 1.577381 -0.000000 0.000000 0.000000 
3.950000 59.200183 1.577381 -0.000000 0.000000 0.000000 
3.960000 59.350183 1.577381 -0.000000 0.000000 0.000000 
3.970000 59.500183 1.577381 -0.000000 0.000000 0.000000 
3.980000 59.650183 1.577381 -0.000000 0.000000 0.000000 
3.990000 59.800183 1.577381 -0.000000 0.000000 0.000000 
4.000000 59.950183 1.577381 -0.000000 0.000000 0.000000 
4.010000 60.100183 1.577381 -0.000000 0.000000 0.000000 
4.020000 60.250183 1.577381 -0.000000 0.000000 0.000000 
4.030000 60.400183 1.577381 -0.000000 0.000000 0.000000 
4.040000 60.550183 1.577381 -0.000000 0.000000 0.000000 
4.050000 60.700183 1.577381 -0.000000 0.000000 0.000000 
4.060000 60.850183 1.577381 -0.000000 0.000000 0.000000 
4.070000 61.000183 1.577381 -0.000000 0.000000 0.000000 
4.080000 61.150183 1.577381 -0.000000 0.000000 0.000000 
4.090000 61.300183 1.577381 -0.000000 0.000000 0.000000 
4.100000 61.450183 1.577381 -0.000000 0.000000 0.000000 
4.110000 61.600183 1.577381 -0.000000 0.000000 0.000000 
4.120000 61.750183 1.577381 -0.000000 0.000000 0.000000 
4.130000 61.900183 1.577381 -0.000000 0.000000 0.000000 
4.140000 62.050183 1.577381 -0.000000 0.000000 0.000000 
4.150000 62.200183 1.577381 -0.000000 0.000000 0.000000 
4.160000 62.350183 1.577381 -0.000000 0.000000 0.000000 
4.170000 62.500183 1.577381 -0.000000 0.000000 0.000000 
4.180000 62.650183 1.577381 -0.000000 0.000000 0.000000 
4.190000 62.800183 1.577381 -0.000000 0.000000 0.000000 
4.200000 62.950183 1.577381 -0.000000 0.000000 0.000000 
4.210000 63.100183 1.577381 -0.000000 0.000000 0.000000 
4.220000 63.250183 1.577381 -0.000000 0.000000 0.000000 
4.230000 63.400183 1.577381 -0.000000 0.000000 0.000000 
4.240000 63.550183 1.577381 -0.000000 0.000000 0.000000 
4.250000 63.700183 1.577381 -0.000000 0.000000 0.000000 
4.260000 63.850183 1.577381 -0.000000 0.000000 0.000000 
4.270000 64.000183 1.577381 -0.000000 0.000000 0.000000 
4.280000 64.150183 1.577381 -0.000000 0.000000 0.000000 
4.290000 64.300183 1.577381 -0.000000 0.000000 0.000000 
4.300000 64.450183 1.577381 -0.000000 0.000000 0.000000 
4.310000 64.600183 1.577381 0.000944 -0.002659 -0.000877 
4.320000 64.750183 1.577377 0.001886 -0.005316 -0.001754 
4.330000 64.900183 1.577365 0.002828 -0.007970 -0.002629 
4.340000 65.050183 1.577341 0.003768 -0.010618 -0.003503 
4.350000 65.200183 1.577301 0.004706 -0.013260 -0.004375 
4.360000 65.350183 1.577242 0.005640 -0.015894 -0.005244 
4.370000 65.500183 1.577158 0.006571 -0.018518 -0.006109 
4.380000 65.650183 1.577047 0.007498 -0.021129 -0.006971 
4.390000 65.800183 1.576904 0.008420 -0.023728 -0.007829 
4.400000 65.950182 1.576725 0.009337 -0.026312 -0.008681 
4.410000 66.100182 1.576507 0.010248 -0.028879 -0.009528 
4.420000 66.250182 1.576245 0.011153 -0.031427 -0.010369 
4.430000 66.400182 1.575937 0.012050 -0.033956 -0.011203 
4.440000 66.550181 1.575577 0.012940 -0.036463 -0.012030 
4.450000 66.700181 1.575163 0.013821 -0.038948 -0.012850 
4.460000 66.850180 1.574691 0.014694 -0.041408 -0.013662 
4.470000 67.000179 1.574156 0.015558 -0.043841 -0.014464 
4.480000 67.150178 1.573555 0.016412 -0.046247 -0.015258 
4.490000 67.300176 1.572886 0.017255 -0.048624 -0.016042 
4.500000 67.450174 1.572143 0.018088 -0.050970 -0.016816 
4.510000 67.600172 1.571323 0.018909 -0.053284 -0.017580 
4.520000 67.750170 1.570424 0.019718 -0.055564 -0.018332 
4.530000 67.900166 1.569442 0.020515 -0.057809 -0.019073 
4.540000 68.050163 1.568373 0.021299 -0.060017 -0.019801 
4.550000 68.200158 1.567213 0.022069 -0.062188 -0.020518 
4.560000 68.350153 1.565961 0.022825 -0.064319 -0.021221 
4.570000 68.500147 1.564612 0.023567 -0.066410 -0.021911 
4.580000 68.650140 1.563163 0.024294 -0.068459 -0.022587 
4.590000 68.800132 1.561612 0.025006 -0.070465 -0.023248 
4.600000 68.950123 1.559955 0.025702 -0.072426 -0.023895 
4.610000 69.100112 1.558189 0.026381 -0.074341 -0.024527 
4.620000 69.250100 1.556312 0.027045 -0.076209 -0.025144 
4.630000 69.400087 1.554321 0.027690 -0.078029 -0.025744 
4.640000 69.550072 1.552212 0.028319 -0.079800 -0.026328 
4.650000 69.700056 1.549984 0.028929 -0.081521 -0.026896 
4.660000 69.850037 1.547634 0.029522 -0.083190 -0.027447 
4.670000 70.000017 1.545159 0.030095 -0.084806 -0.027980 
4.680000 70.149994 1.542556 0.030650 -0.086369 -0.028496 
4.690000 70.299970 1.539824 0.031185 -0.087878 -0.028993 
4.700000 70.449942 1.536961 0.031701 -0.089331 -0.029473 
4.710000 70.599912 1.533963 0.032196 -0.090727 -0.029933 
4.720000 70.749880 1.530829 0.032672 -0.092066 -0.030375 
4.730000 70.899844 1.527557 0.033126 -0.093347 -0.030798 
4.740000 71.049805 1.524146 0.033560 -0.094569 -0.031201 
4.750000 71.199763 1.520592 0.033972 -0.095731 -0.031584 
4.760000 71.349717 1.516895 0.034363 -0.096833 -0.031948 
4.770000 71.499668 1.513052 0.034733 -0.097874 -0.032291 
4.780000 71.649615 1.509063 0.035080 -0.098853 -0.032614 
4.790000 71.799558 1.504926 0.035405 -0.099769 -0.032917 
4.800000 71.949497 1.500639 0.035708 -0.100623 -0.033198 
4.810000 72.099431 1.496201 0.035988 -0.101412 -0.033459 
4.820000 72.249361 1.491611 0.036246 -0.102138 -0.033698 
4.830000 72.399286 1.486868 0.036481 -0.102799 -0.033916 
4.840000 72.549206 1.481971 0.036692 -0.103396 -0.034113 
4.850000 72.699121 1.476919 0.036881 -0.103927 -0.034288 
4.860000 72.849030 1.471711 0.037046 -0.104392 -0.034442 
4.870000 72.998934 1.466347 0.037188 -0.104792 -0.034574 
4.880000 73.148833 1.460825 0.037306 -0.105125 -0.034684 
4.890000 73.298725 1.455146 0.037401 -0.105392 -0.034772 
4.900000 73.448612 1.449309 0.037472 -0.105592 -0.034838 
4.910000 73.598492 1.443314 0.037519 -0.105726 -0.034882 
4.920000 73.748365 1.437160 0.037543 -0.105792 -0.034904 
4.930000 73.898233 1.430848 0.037543 -0.105792 -0.034904 
4.940000 74.048093 1.424377 0.037519 -0.105726 -0.034882 
4.950000 74.197946 1.417748 0.037472 -0.105592 -0.034838 
4.960000 74.347793 1.410960 0.037401 -0.105392 -0.034772 
4.970000 74.497632 1.404015 0.037306 -0.105125 -0.034684 
4.980000 74.647464 1.396912 0.037188 -0.104792 -0.034574 
4.990000 74.797288 1.389652 0.037046 -0.104392 -0.034442 
5.000000 74.947104 1.382235 0.036881 -0.103927 -0.034288 
5.010000 75.096913 1.374663 0.036692 -0.103396 -0.034113 
5.020000 75.246714 1.366936 0.036481 -0.102799 -0.033916 
5.030000 75.396507 1.359055 0.036246 -0.102138 -0.033698 
5.040000 75.546291 1.351021 0.035988 -0.101412 -0.033459 
5.050000 75.696068 1.342835 0.035708 -0.100623 -0.033198 
5.060000 75.845836 1.334499 0.035405 -0.099769 -0.032917 
5.070000 75.995596 1.326013 0.035080 -0.098853 -0.032614 
5.080000 76.145347 1.317379 0.034733 -0.097874 -0.032291 
5.090000 76.295090 1.308598 0.034363 -0.096833 -0.031948 
5.100000 76.444824 1.299673 0.033972 -0.095731 -0.031584 
5.110000 76.594550 1.290604 0.033560 -0.094569 -0.031201 
5.120000 76.744267 1.281393 0.033126 -0.093347 -0.030798 
5.130000 76.893975 1.272043 0.032672 -0.092066 -0.030375 
5.140000 77.043675 1.262555 0.032196 -0.090727 -0.029933 
5.150000 77.193366 1.252931 0.031701 -0.089331 -0.029473 
5.160000 77.343048 1.243174 0.031185 -0.087878 -0.028993 
5.170000 77.492721 1.233285 0.030650 -0.086369 -0.028496 
5.180000 77.642387 1.223266 0.030095 -0.084806 -0.027980 
5.190000 77.792043 1.213121 0.029522 -0.083190 -0.027447 
5.200000 77.941691 1.202851 0.028929 -0.081521 -0.026896 
5.210000 78.091331 1.192459 0.028319 -0.079800 -0.026328 
5.220000 78.240962 1.181948 0.027690 -0.078029 -0.025744 
5.230000 78.390585 1.171320 0.027045 -0.076209 -0.025144 
5.240000 78.540200 1.160578 0.026381 -0.074341 -0.024527 
5.250000 78.689807 1.149725 0.025702 -0.072426 -0.023895 
5.260000 78.839406 1.138763 0.025006 -0.070465 -0.023248 
5.270000 78.988997 1.127696 0.024294 -0.068459 -0.022587 
5.280000 79.138580 1.116527 0.023567 -0.066410 -0.021911 
5.290000 79.288157 1.105258 0.022825 -0.064319 -0.021221 
5.300000 79.437725 1.093893 0.022069 -0.062188 -0.020518 
5.310000 79.587287 1.082435 0.021299 -0.060017 -0.019801 
5.320000 79.736842 1.070888 0.020515 -0.057809 -0.019073 
5.330000 79.886390 1.059253 0.019718 -0.055564 -0.018332 
5.340000 80.035932 1.047536 0.018909 -0.053284 -0.017580 
5.350000 80.185467 1.035739 0.018088 -0.050970 -0.016816 
5.360000 80.334996 1.023866 0.017255 -0.048624 -0.016042 
5.370000 80.484520 1.011920 0.016412 -0.046247 -0.015258 
5.380000 80.634038 0.999905 0.015558 -0.043841 -0.014464 
5.390000 80.783551 0.987825 0.014694 -0.041408 -0.013662 
5.400000 80.933059 0.975682 0.013821 -0.038948 -0.012850 
5.410000 81.082562 0.963482 0.012940 -0.036463 -0.012030 
5.420000 81.232060 0.951226 0.012050 -0.033956 -0.011203 
5.430000 81.381554 0.938920 0.011153 -0.031427 -0.010369 
5.440000 81.531045 0.926567 0.010248 -0.028879 -0.009528 
5.450000 81.680532 0.914171 0.009337 -0.026312 -0.008681 
5.460000 81.830015 0.901736 0.008420 -0.023728 -0.007829 
5.470000 81.979496 0.889265 0.007498 -0.021129 -0.006971 
5.480000 82.128974 0.876762 0.006571 -0.018518 -0.006109 
5.490000 82.278450 0.864232 0.005640 -0.015894 -0.005244 
5.500000 82.427924 0.851678 0.004706 -0.013260 -0.004375 
5.510000 82.577396 0.839105 0.003768 -0.010618 -0.003503 
5.520000 82.726866 0.826515 0.002828 -0.007970 -0.002629 
5.530000 82.876336 0.813913 0.001886 -0.005316 -0.001754 
5.540000 83.025805 0.801304 0.000944 -0.002659 -0.000877 
5.550000 83.175274 0.788691 0.000000 -0.000000 -0.000000 
5.560000 83.324743 0.776077 -0.000944 0.002659 0.000877 
5.570000 83.474212 0.763468 -0.001886 0.005316 0.001754 
5.580000 83.623682 0.750866 -0.002828 0.007970 0.002629 
5.590000 83.773152 0.738276 -0.003768 0.010618 0.003503 
5.600000 83.922624 0.725703 -0.004706 0.013260 0.004375 
5.610000 84.072098 0.713149 -0.005640 0.015894 0.005244 
5.620000 84.221574 0.700619 -0.006571 0.018518 0.006109 
5.630000 84.371052 0.688116 -0.007498 0.021129 0.006971 
5.640000 84.520533 0.675645 -0.008420 0.023728 0.007829 
5.650000 84.670016 0.663210 -0.009337 0.026312 0.008681 
5.660000 84.819503 0.650814 -0.010248 0.028879 0.009528 
5.670000 84.968994 0.638461 -0.011153 0.031427 0.010369 
5.680000 85.118488 0.626155 -0.012050 0.033956 0.011203 
5.690000 85.267986 0.613899 -0.012940 0.036463 0.012030 
5.700000 85.417489 0.601699 -0.013821 0.038948 0.012850 
5.710000 85.566997 0.589556 -0.014694 0.041408 0.013662 
5.720000 85.716510 0.577476 -0.015558 0.043841 0.014464 
5.730000 85.866028 0.565461 -0.016412 0.046247 0.015258 
5.740000 86.015552 0.553515 -0.017255 0.048624 0.016042 
5.750000 86.165081 0.541642 -0.018088 0.050970 0.016816 
5.760000 86.314616 0.529845 -0.018909 0.053284 0.017580 
5.770000 86.464158 0.518128 -0.019718 0.055564 0.018332 
5.780000 86.613706 0.506493 -0.020515 0.057809 0.019073 
5.790000 86.763261 0.494946 -0.021299 0.060017 0.019801 
5.800000 86.912823 0.483488 -0.022069 0.062188 0.020518 
5.810000 87.062391 0.472123 -0.022825 0.064319 0.021221 
5.820000 87.211968 0.460854 -0.023567 0.066410 0.021911 
5.830000 87.361551 0.449685 -0.024294 0.068459 0.022587 
5.840000 87.511142 0.438618 -0.025006 0.070465 0.023248 
5.850000 87.660741 0.427656 -0.025702 0.072426 0.023895 
5.860000 87.810348 0.416803 -0.026381 0.074341 0.024527 
5.870000 87.959963 0.406061 -0.027045 0.076209 0.025144 
5.880000 88.109586 0.395433 -0.027690 0.078029 0.025744 
5.890000 88.259217 0.384922 -0.028319 0.079800 0.026328 
5.900000 88.408857 0.374530 -0.028929 0.081521 0.026896 
5.910000 88.558505 0.364260 -0.029522 0.083190 0.027447 
5.920000 88.708161 0.354115 -0.030095 0.084806 0.027980 
5.930000 88.857827 0.344097 -0.030650 0.086369 0.028496 
5.940000 89.007500 0.334207 -0.031185 0.087878 0.028993 
5.950000 89.157182 0.324450 -0.031701 0.089331 0.029473 
5.960000 89.306873 0.314826 -0.032196 0.090727 0.029933 
5.970000 89.456573 0.305338 -0.032672 0.092066 0.030375 
5.980000 89.606281 0.295988 -0.033126 0.093347 0.030798 
5.990000 89.755998 0.286777 -0.033560 0.094569 0.031201 
6.000000 89.905724 0.277708 -0.033972 0.095731 0.031584 
6.010000 90.055458 0.268783 -0.034363 0.096833 0.031948 
6.020000 90.205201 0.260002 -0.034733 0.097874 0.032291 
6.030000 90.354952 0.251368 -0.035080 0.098853 0.032614 
6.040000 90.504712 0.242882 -0.035405 0.099769 0.032917 
6.050000 90.654480 0.234546 -0.035708 0.100623 0.033198 
6.060000 90.804257 0.226360 -0.035988 0.101412 0.033459 
6.070000 90.954041 0.218326 -0.036246 0.102138 0.033698 
6.080000 91.103834 0.210445 -0.036481 0.102799 0.033916 
6.090000 91.253635 0.202718 -0.036692 0.103396 0.034113 
6.100000 91.403444 0.195146 -0.036881 0.103927 0.034288 
6.110000 91.553260 0.187729 -0.037046 0.104392 0.034442 
6.120000 91.703084 0.180469 -0.037188 0.104792 0.034574 
6.130000 91.852916 0.173367 -0.037306 0.105125 0.034684 
6.140000 92.002755 0.166421 -0.037401 0.105392 0.034772 
6.150000 92.152602 0.159634 -0.037472 0.105592 0.034838 
6.160000 92.302455 0.153004 -0.037519 0.105726 0.034882 
6.170000 92.452315 0.146533 -0.037543 0.105792 0.034904 
6.180000 92.602183 0.140221 -0.037543 0.105792 0.034904 
6.190000 92.752056 0.134067 -0.037519 0.105726 0.034882 
6.200000 92.901936 0.128072 -0.037472 0.105592 0.034838 
6.210000 93.051823 0.122235 -0.037401 0.105392 0.034772 
6.220000 93.201715 0.116556 -0.037306 0.105125 0.034684 
6.230000 93.351614 0.111034 -0.037188 0.104792 0.034574 
6.240000 93.501518 0.105670 -0.037046 0.104392 0.034442 
6.250000 93.651427 0.100462 -0.036881 0.103927 0.034288 
6.260000 93.801342 0.095410 -0.036692 0.103396 0.034113 
6.270000 93.951262 0.090513 -0.036481 0.102799 0.033916 
6.280000 94.101187 0.085770 -0.036246 0.102138 0.033698 
6.290000 94.251117 0.081180 -0.035988 0.101412 0.033459 
6.300000 94.401051 0.076742 -0.035708 0.100623 0.033198 
6.310000 94.550990 0.072455 -0.035405 0.099769 0.032917 
6.320000 94.700933 0.068318 -0.035080 0.098853 0.032614 
6.330000 94.850880 0.064329 -0.034733 0.097874 0.032291 
6.340000 95.000831 0.060486 -0.034363 0.096833 0.031948 
6.350000 95.150785 0.056789 -0.033972 0.095731 0.031584 
6.360000 95.300743 0.053236 -0.033560 0.094569 0.031201 
6.370000 95.450704 0.049824 -0.033126 0.093347 0.030798 
6.380000 95.600669 0.046552 -0.032672 0.092066 0.030375 
6.390000 95.750636 0.043418 -0.032196 0.090727 0.029933 
6.400000 95.900606 0.040421 -0.031701 0.089331 0.029473 
6.410000 96.050578 0.037557 -0.031185 0.087878 0.028993 
6.420000 96.200554 0.034825 -0.030650 0.086369 0.028496 
6.430000 96.350531 0.032223 -0.030095 0.084806 0.027980 
6.440000 96.500511 0.029747 -0.029522 0.083190 0.027447 
6.450000 96.650492 0.027397 -0.028929 0.081521 0.026896 
6.460000 96.800476 0.025169 -0.028319 0.079800 0.026328 
6.470000 96.950461 0.023060 -0.027690 0.078029 0.025744 
6.480000 97.100448 0.021069 -0.027045 0.076209 0.025144 
6.490000 97.250436 0.019192 -0.026381 0.074341 0.024527 
6.500000 97.400425 0.017426 -0.025702 0.072426 0.023895 
6.510000 97.550416 0.015769 -0.025006 0.070465 0.023248 
6.520000 97.700408 0.014218 -0.024294 0.068459 0.022587 
6.530000 97.850401 0.012769 -0.023567 0.066410 0.021911 
6.540000 98.000395 0.011420 -0.022825 0.064319 0.021221 
6.550000 98.150390 0.010168 -0.022069 0.062188 0.020518 
6.560000 98.300386 0.009008 -0.021299 0.060017 0.019801 
6.570000 98.450382 0.007939 -0.020515 0.057809 0.019073 
6.580000 98.600378 0.006957 -0.019718 0.055564 0.018332 
6.590000 98.750376 0.006058 -0.018909 0.053284 0.017580 
6.600000 98.900374 0.005238 -0.018088 0.050970 0.016816 
6.610000 99.050372 0.004496 -0.017255 0.048624 0.016042 
6.620000 99.200370 0.003826 -0.016412 0.046247 0.015258 
6.630000 99.350369 0.003225 -0.015558 0.043841 0.014464 
6.640000 99.500368 0.002690 -0.014694 0.041408 0.013662 
6.650000 99.650367 0.002218 -0.013821 0.038948 0.012850 
6.660000 99.800367 0.001804 -0.012940 0.036463 0.012030 
6.670000 99.950366 0.001444 -0.012050 0.033956 0.011203 
6.680000 100.100366 0.001136 -0.011153 0.031427 0.010369 
6.690000 100.250366 0.000874 -0.010248 0.028879 0.009528 
6.700000 100.400366 0.000656 -0.009337 0.026312 0.008681 
6.710000 100.550365 0.000477 -0.008420 0.023728 0.007829 
6.720000 100.700365 0.000334 -0.007498 0.021129 0.006971 
6.730000 100.850365 0.000223 -0.006571 0.018518 0.006109 
6.740000 101.000365 0.000139 -0.005640 0.015894 0.005244 
6.750000 101.150365 0.000080 -0.004706 0.013260 0.004375 
6.760000 101.300365 0.000040 -0.003768 0.010618 0.003503 
6.770000 101.450365 0.000016 -0.002828 0.007970 0.002629 
6.780000 101.600365 0.000004 -0.001886 0.005316 0.001754 
6.790000 101.750365 -0.000000 -0.000944 0.002659 0.000877 
6.800000 101.900365 -0.000000 -0.000000 0.000000 0.000000 
6.810000 102.050365 -0.000000 -0.000000 0.000000 0.000000 
6.820000 102.200365 -0.000000 -0.000000 0.000000 0.000000 
6.830000 102.350365 -0.000000 -0.000000 0.000000 0.000000 
6.840000 102.500365 -0.000000 -0.000000 0.000000 0.000000 
6.850000 102.650365 -0.000000 -0.000000 0.000000 0.000000 
6.860000 102.800365 -0.000000 -0.000000 0.000000 0.000000 
6.870000 102.950365 -0.000000 -0.000000 0.000000 0.000000 
6.880000 103.100365 -0.000000 -0.000000 0.000000 0.000000 
6.890000 103.250365 -0.000000 -0.000000 0.000000 0.000000 
6.900000 103.400365 -0.000000 -0.000000 0.000000 0.000000 
6.910000 103.550365 -0.000000 -0.000000 0.000000 0.000000 
6.920000 103.700365 -0.000000 -0.000000 0.000000 0.000000 
6.930000 103.850365 -0.000000 -0.000000 0.000000 0.000000 
6.940000 104.000365 -0.000000 -0.000000 0.000000 0.000000 
6.950000 104.150365 -0.000000 -0.000000 0.000000 0.000000 
6.960000 104.300365 -0.000000 -0.000000 0.000000 0.000000 
6.970000 104.450365 -0.000000 -0.000000 0.000000 0.000000 
6.980000 104.600365 -0.000000 -0.000000 0.000000 0.000000 
6.990000 104.750365 -0.000000 -0.000000 0.000000 0.000000 
7.000000 104.900365 -0.000000 -0.000000 0.000000 0.000000 
7.010000 105.050365 -0.000000 -0.000000 0.000000 0.000000 
7.020000 105.200365 -0.000000 -0.000000 0.000000 0.000000 
7.030000 105.350365 -0.000000 -0.000000 0.000000 0.000000 
7.040000 105.500365 -0.000000 -0.000000 0.000000 0.000000 
7.050000 105.650365 -0.000000 -0.000000 0.000000 0.000000 
7.060000 105.800365 -0.000000 -0.000000 0.000000 0.000000 
7.070000 105.950365 -0.000000 -0.000000 0.000000 0.000000 
7.080000 106.100365 -0.000000 -0.000000 0.000000 0.000000 
7.090000 106.250365 -0.000000 -0.000000 0.000000 0.000000 
7.100000 106.400365 -0.000000 -0.000000 0.000000 0.000000 
7.110000 106.550365 -0.000000 -0.000000 0.000000 0.000000 
7.120000 106.700365 -0.000000 -0.000000 0.000000 0.000000 
7.130000 106.850365 -0.000000 -0.000000 0.000000 0.000000 
7.140000 107.000365 -0.000000 -0.000000 0.000000 0.000000 
7.150000 107.150365 -0.000000 -0.000000 0.000000 0.000000 
7.160000 107.300365 -0.000000 -0.000000 0.000000 0.000000 
7.170000 107.450365 -0.000000 -0.000000 0.000000 0.000000 
7.180000 107.600365 -0.000000 -0.000000 0.000000 0.000000 
7.190000 107.750365 -0.000000 -0.000000 0.000000 0.000000 
7.200000 107.900365 -0.000000 -0.000000 0.000000 0.000000 
7.210000 108.050365 -0.000000 -0.000000 0.000000 0.000000 
7.220000 108.200365 -0.000000 -0.000000 0.000000 0.000000 
7.230000 108.350365 -0.000000 -0.000000 0.000000 0.000000 
7.240000 108.500365 -0.000000 -0.000000 0.000000 0.000000 
7.250000 108.650365 -0.000000 -0.000000 0.000000 0.000000 
7.260000 108.800365 -0.000000 -0.000000 0.000000 0.000000 
7.270000 108.950365 -0.000000 -0.000000 0.000000 0.000000 
7.280000 109.100365 -0.000000 -0.000000 0.000000 0.000000 
7.290000 109.250365 -0.000000 -0.000000 0.000000 0.000000 
7.300000 109.400365 -0.000000 -0.000000 0.000000 0.000000 
7.310000 109.550365 -0.000000 -0.000000 0.000000 0.000000 
7.320000 109.700365 -0.000000 -0.000000 0.000000 0.000000 
7.330000 109.850365 -0.000000 -0.000000 0.000000 0.000000 
7.340000 110.000365 -0.000000 -0.000000 0.000000 0.000000 
7.350000 110.150365 -0.000000 -0.000000 0.000000 0.000000 
7.360000 110.300365 -0.000000 -0.000000 0.000000 0.000000 
7.370000 110.450365 -0.000000 -0.000000 0.000000 0.000000 
7.380000 110.600365 -0.000000 -0.000000 0.000000 0.000000 
7.390000 110.750365 -0.000000 -0.000000 0.000000 0.000000 
7.400000 110.900365 -0.000000 -0.000000 0.000000 0.000000 
7.410000 111.050365 -0.000000 -0.000000 0.000000 0.000000 
7.420000 111.200365 -0.000000 -0.000000 0.000000 0.000000 
7.430000 111.350365 -0.000000 -0.000000 0.000000 0.000000 
7.440000 111.500365 -0.000000 -0.000000 0.000000 0.000000 
7.450000 111.650365 -0.000000 -0.000000 0.000000 0.000000 
7.460000 111.800365 -0.000000 -0.000000 0.000000 0.000000 
7.470000 111.950365 -0.000000 -0.000000 0.000000 0.000000 
7.480000 112.100365 -0.000000 -0.000000 0.000000 0.000000 
7.490000 112.250365 -0.000000 -0.000000 0.000000 0.000000 
7.500000 112.400365 -0.000000 -0.000000 0.000000 0.000000 
7.510000 112.550365 -0.000000 -0.000000 0.000000 0.000000 
7.520000 112.700365 -0.000000 -0.000000 0.000000 0.000000 
7.530000 112.850365 -0.000000 -0.000000 0.000000 0.000000 
7.540000 113.000365 -0.000000 -0.000000 0.000000 0.000000 
7.550000 113.150365 -0.000000 -0.000000 0.000000 0.000000 
7.560000 113.300365 -0.000000 -0.000000 0.000000 0.000000 
7.570000 113.450365 -0.000000 -0.000000 0.000000 0.000000 
7.580000 113.600365 -0.000000 -0.000000 0.000000 0.000000 
7.590000 113.750365 -0.000000 -0.000000 0.000000 0.000000 
7.600000 113.900365 -0.000000 -0.000000 0.000000 0.000000 
7.610000 114.050365 -0.000000 -0.000000 0.000000 0.000000 
7.620000 114.200365 -0.000000 -0.000000 0.000000 0.000000 
7.630000 114.350365 -0.000000 -0.000000 0.000000 0.000000 
7.640000 114.500365 -0.000000 -0.000000 0.000000 0.000000 
7.650000 114.650365 -0.000000 -0.000000 0.000000 0.000000 
7.660000 114.800365 -0.000000 -0.000000 0.000000 0.000000 
7.670000 114.950365 -0.000000 -0.000000 0.000000 0.000000 
7.680000 115.100365 -0.000000 -0.000000 0.000000 0.000000 
7.690000 115.250365 -0.000000 -0.000000 0.000000 0.000000 
7.700000 115.400365 -0.000000 -0.000000 0.000000 0.000000 
7.710000 115.550365 -0.000000 -0.000000 0.000000 0.000000 
7.720000 115.700365 -0.000000 -0.000000 0.000000 0.000000 
7.730000 115.850365 -0.000000 -0.000000 0.000000 0.000000 
7.740000 116.000365 -0.000000 -0.000000 0.000000 0.000000 
7.750000 116.150365 -0.000000 -0.000000 0.000000 0.000000 
7.760000 116.300365 -0.000000 -0.000000 0.000000 0.000000 
7.770000 116.450365 -0.000000 -0.000000 0.000000 0.000000 
7.780000 116.600365 -0.000000 -0.000000 0.000000 0.000000 
7.790000 116.750365 -0.000000 -0.000000 0.000000 0.000000 
7.800000 116.900365 -0.000000 -0.000000 0.000000 0.000000 
7.810000 117.050365 -0.000000 -0.000000 0.000000 0.000000 
7.820000 117.200365 -0.000000 -0.000000 0.000000 0.000000 
7.830000 117.350365 -0.000000 -0.000000 0.000000 0.000000 
7.840000 117.500365 -0.000000 -0.000000 0.000000 0.000000 
7.850000 117.650365 -0.000000 -0.000000 0.000000 0.000000 
7.860000 117.800365 -0.000000 -0.000000 0.000000 0.000000 
7.870000 117.950365 -0.000000 -0.000000 0.000000 0.000000 
7.880000 118.100365 -0.000000 -0.000000 0.000000 0.000000 
7.890000 118.250365 -0.000000 -0.000000 0.000000 0.000000 
7.900000 118.400365 -0.000000 -0.000000 0.000000 0.000000 
7.910000 118.550365 -0.000000 -0.000000 0.000000 0.000000 
7.920000 118.700365 -0.000000 -0.000000 0.000000 0.000000 
7.930000 118.850365 -0.000000 -0.000000 0.000000 0.000000 
7.940000 119.000365 -0.000000 -0.000000 0.000000 0.000000 
7.950000 119.150365 -0.000000 -0.000000 0.000000 0.000000 
7.960000 119.300365 -0.000000 -0.000000 0.000000 0.000000 
7.970000 119.450365 -0.000000 -0.000000 0.000000 0.000000 
7.980000 119.600365 -0.000000 -0.000000 0.000000 0.000000 
7.990000 119.750365 -0.000000 -0.000000 0.000000 0.000000 
8.000000 119.900365 -0.000000 -0.000000 0.000000 0.000000 
8.010000 120.050365 -0.000000 -0.000000 0.000000 0.000000 
8.020000 120.200365 -0.000000 -0.000000 0.000000 0.000000 
8.030000 120.350365 -0.000000 -0.000000 0.000000 0.000000 
8.040000 120.500365 -0.000000 -0.000000 0.000000 0.000000 
8.050000 120.650365 -0.000000 -0.000000 0.000000 0.000000 
8.060000 120.800365 -0.000000 -0.000000 0.000000 0.000000 
8.070000 120.950365 -0.000000 -0.000000 0.000000 0.000000 
8.080000 121.100365 -0.000000 -0.000000 0.000000 0.000000 
8.090000 121.250365 -0.000000 -0.000000 0.000000 0.000000 
8.100000 121.400365 -0.000000 -0.000000 0.000000 0.000000 
8.110000 121.550365 -0.000000 -0.000000 0.000000 0.000000 
8.120000 121.700365 -0.000000 -0.000000 0.000000 0.000000 
8.130000 121.850365 -0.000000 -0.000000 0.000000 0.000000 
8.140000 122.000365 -0.000000 -0.000000 0.000000 0.000000 
8.150000 122.150365 -0.000000 -0.000000 0.000000 0.000000 
8.160000 122.300365 -0.000000 -0.000000 0.000000 0.000000 
8.170000 122.450365 -0.000000 -0.000000 0.000000 0.000000 
8.180000 122.600365 -0.000000 -0.000000 0.000000 0.000000 
8.190000 122.750365 -0.000000 -0.000000 0.000000 0.000000 
8.200000 122.900365 -0.000000 -0.000000 0.000000 0.000000 
8.210000 123.050365 -0.000000 -0.000000 0.000000 0.000000 
8.220000 123.200365 -0.000000 -0.000000 0.000000 0.000000 
8.230000 123.350365 -0.000000 -0.000000 0.000000 0.000000 
8.240000 123.500365 -0.000000 -0.000000 0.000000 0.000000 
8.250000 123.650365 -0.000000 -0.000000 0.000000 0.000000 
8.260000 123.800365 -0.000000 -0.000000 0.000000 0.000000 
8.270000 123.950365 -0.000000 -0.000000 0.000000 0.000000 
8.280000 124.100365 -0.000000 -0.000000 0.000000 0.000000 
8.290000 124.250365 -0.000000 -0.000000 0.000000 0.000000 
8.300000 124.400365 -0.000000 -0.000000 0.000000 0.000000 
8.310000 124.550365 -0.000000 -0.000000 0.000000 0.000000 
8.320000 124.700365 -0.000000 -0.000000 0.000000 0.000000 
8.330000 124.850365 -0.000000 -0.000000 0.000000 0.000000 
8.340000 125.000365 -0.000000 -0.000000 0.000000 0.000000 
8.350000 125.150365 -0.000000 -0.000000 0.000000 0.000000 
8.360000 125.300365 -0.000000 -0.000000 0.000000 0.000000 
8.370000 125.450365 -0.000000 -0.000000 0.000000 0.000000 
8.380000 125.600365 -0.000000 -0.000000 0.000000 0.000000 
8.390000 125.750365 -0.000000 -0.000000 0.000000 0.000000 
8.400000 125.900365 -0.000000 -0.000000 0.000000 0.000000 
8.410000 126.050365 -0.000000 -0.000000 0.000000 0.000000 
8.420000 126.200365 -0.000000 -0.000000 0.000000 0.000000 
8.430000 126.350365 -0.000000 -0.000000 0.000000 0.000000 
8.440000 126.500365 -0.000000 -0.000000 0.000000 0.000000 
8.450000 126.650365 -0.000000 -0.000000 0.000000 0.000000 
8.460000 126.800365 -0.000000 -0.000000 0.000000 0.000000 
8.470000 126.950365 -0.000000 -0.000000 0.000000 0.000000 
8.480000 127.100365 -0.000000 -0.000000 0.000000 0.000000 
8.490000 127.250365 -0.000000 -0.000000 0.000000 0.000000 
8.500000 127.400365 -0.000000 -0.000000 0.000000 0.000000 
8.510000 127.550365 -0.000000 -0.000000 0.000000 0.000000 
8.520000 127.700365 -0.000000 -0.000000 0.000000 0.000000 
8.530000 127.850365 -0.000000 -0.000000 0.000000 0.000000 
8.540000 128.000365 -0.000000 -0.000000 0.000000 0.000000 
8.550000 128.150365 -0.000000 -0.000000 0.000000 0.000000 
8.560000 128.300365 -0.000000 -0.000000 0.000000 0.000000 
8.570000 128.450365 -0.000000 -0.000000 0.000000 0.000000 
8.580000 128.600365 -0.000000 -0.000000 0.000000 0.000000 
8.590000 128.750365 -0.000000 -0.000000 0.000000 0.000000 
8.600000 128.900365 -0.000000 -0.000000 0.000000 0.000000 
8.610000 129.050365 -0.000000 -0.000000 0.000000 0.000000 
8.620000 129.200365 -0.000000 -0.000000 0.000000 0.000000 
8.630000 129.350365 -0.000000 -0.000000 0.000000 0.000000 
8.640000 129.500365 -0.000000 -0.000000 0.000000 0.000000 
8.650000 129.650365 -0.000000 -0.000000 0.000000 0.000000 
8.660000 129.800365 -0.000000 -0.000000 0.000000 0.000000 
8.670000 129.950365 -0.000000 -0.000000 0.000000 0.000000 
8.680000 130.100365 -0.000000 -0.000000 0.000000 0.000000 
8.690000 130.250365 -0.000000 -0.000000 0.000000 0.000000 
8.700000 130.400365 -0.000000 -0.000000 0.000000 0.000000 
8.710000 130.550365 -0.000000 -0.000000 0.000000 0.000000 
8.720000 130.700365 -0.000000 -0.000000 0.000000 0.000000 
8.730000 130.850365 -0.000000 -0.000000 0.000000 0.000000 
8.740000 131.000365 -0.000000 -0.000000 0.000000 0.000000 
8.750000 131.150365 -0.000000 -0.000000 0.000000 0.000000 
8.760000 131.300365 -0.000000 -0.000000 0.000000 0.000000 
8.770000 131.450365 -0.000000 -0.000000 0.000000 0.000000 
8.780000 131.600365 -0.000000 -0.000000 0.000000 0.000000 
8.790000 131.750365 -0.000000 -0.000000 0.000000 0.000000 
8.800000 131.900365 -0.000000 -0.000000 0.000000 0.000000 
8.810000 132.050365 -0.000000 -0.000000 0.000000 0.000000 
8.820000 132.200365 -0.000000 -0.000000 0.000000 0.000000 
8.830000 132.350365 -0.000000 -0.000000 0.000000 0.000000 
8.840000 132.500365 -0.000000 -0.000000 0.000000 0.000000 
8.850000 132.650365 -0.000000 -0.000000 0.000000 0.000000 
8.860000 132.800365 -0.000000 -0.000000 0.000000 0.000000 
8.870000 132.950365 -0.000000 -0.000000 0.000000 0.000000 
8.880000 133.100365 -0.000000 -0.000000 0.000000 0.000000 
8.890000 133.250365 -0.000000 -0.000000 0.000000 0.000000 
8.900000 133.400365 -0.000000 -0.000000 0.000000 0.000000 
8.910000 133.550365 -0.000000 -0.000000 0.000000 0.000000 
8.920000 133.700365 -0.000000 -0.000000 0.000000 0.000000 
8.930000 133.850365 -0.000000 -0.000000 0.000000 0.000000 
8.940000 134.000365 -0.000000 -0.000000 0.000000 0.000000 
8.950000 134.150365 -0.000000 -0.000000 0.000000 0.000000 
8.960000 134.300365 -0.000000 -0.000000 0.000000 0.000000 
8.970000 134.450365 -0.000000 -0.000000 0.000000 0.000000 
8.980000 134.600365 -0.000000 -0.000000 0.000000 0.000000 
8.990000 134.750365 -0.000000 -0.000000 0.000000 0.000000 
9.000000 134.900365 -0.000000 -0.000000 0.000000 0.000000 
9.010000 135.050365 -0.000000 -0.000000 0.000000 0.000000 
9.020000 135.200365 -0.000000 -0.000000 0.000000 0.000000 
9.030000 135.350365 -0.000000 -0.000000 0.000000 0.000000 
9.040000 135.500365 -0.000000 -0.000000 0.000000 0.000000 
9.050000 135.650365 -0.000000 -0.000000 0.000000 0.000000 
9.060000 135.800365 -0.000000 -0.000000 0.000000 0.000000 
9.070000 135.950365 -0.000000 -0.000000 0.000000 0.000000 
9.080000 136.100365 -0.000000 -0.000000 0.000000 0.000000 
9.090000 136.250365 -0.000000 -0.000000 0.000000 0.000000 
9.100000 136.400365 -0.000000 -0.000000 0.000000 0.000000 
9.110000 136.550365 -0.000000 -0.000000 0.000000 0.000000 
9.120000 136.700365 -0.000000 -0.000000 0.000000 0.000000 
9.130000 136.850365 -0.000000 -0.000000 0.000000 0.000000 
9.140000 137.000365 -0.000000 -0.000000 0.000000 0.000000 
9.150000 137.150365 -0.000000 -0.000000 0.000000 0.000000 
9.160000 137.300365 -0.000000 -0.000000 0.000000 0.000000 
9.170000 137.450365 -0.000000 -0.000000 0.000000 0.000000 
9.180000 137.600365 -0.000000 -0.000000 0.000000 0.000000 
9.190000 137.750365 -0.000000 -0.000000 0.000000 0.000000 
9.200000 137.900365 -0.000000 -0.000000 0.000000 0.000000 
9.210000 138.050365 -0.000000 -0.000000 0.000000 0.000000 
9.220000 138.200365 -0.000000 -0.000000 0.000000 0.000000 
9.230000 138.350365 -0.000000 -0.000000 0.000000 0.000000 
9.240000 138.500365 -0.000000 -0.000000 0.000000 0.000000 
9.250000 138.650365 -0.000000 -0.000000 0.000000 0.000000 
9.260000 138.800365 -0.000000 -0.000000 0.000000 0.000000 
9.270000 138.950365 -0.000000 -0.000000 0.000000 0.000000 
9.280000 139.100365 -0.000000 -0.000000 0.000000 0.000000 
9.290000 139.250365 -0.000000 -0.000000 0.000000 0.000000 
9.300000 139.400365 -0.000000 -0.000000 0.000000 0.000000 
9.310000 139.550365 -0.000000 -0.000000 0.000000 0.000000 
9.320000 139.700365 -0.000000 -0.000000 0.000000 0.000000 
9.330000 139.850365 -0.000000 -0.000000 0.000000 0.000000 
9.340000 140.000365 -0.000000 -0.000000 0.000000 0.000000 
9.350000 140.150365 -0.000000 -0.000000 0.000000 0.000000 
9.360000 140.300365 -0.000000 -0.000000 0.000000 0.000000 
9.370000 140.450365 -0.000000 -0.000000 0.000000 0.000000 
9.380000 140.600365 -0.000000 -0.000000 0.000000 0.000000 
9.390000 140.750365 -0.000000 -0.000000 0.000000 0.000000 
9.400000 140.900365 -0.000000 -0.000000 0.000000 0.000000 
9.410000 141.050365 -0.000000 -0.000000 0.000000 0.000000 
9.420000 141.200365 -0.000000 -0.000000 0.000000 0.000000 
9.430000 141.350365 -0.000000 -0.000000 0.000000 0.000000 
9.440000 141.500365 -0.000000 -0.000000 0.000000 0.000000 
9.450000 141.650365 -0.000000 -0.000000 0.000000 0.000000 
9.460000 141.800365 -0.000000 -0.000000 0.000000 0.000000 
9.470000 141.950365 -0.000000 -0.000000 0.000000 0.000000 
9.480000 142.100365 -0.000000 -0.000000 0.000000 0.000000 
9.490000 142.250365 -0.000000 -0.000000 0.000000 0.000000 
9.500000 142.400365 -0.000000 -0.000000 0.000000 0.000000 
9.510000 142.550365 -0.000000 -0.000000 0.000000 0.000000 
9.520000 142.700365 -0.000000 -0.000000 0.000000 0.000000 
9.530000 142.850365 -0.000000 -0.000000 0.000000 0.000000 
9.540000 143.000365 -0.000000 -0.000000 0.000000 0.000000 
9.550000 143.150365 -0.000000 -0.000000 0.000000 0.000000 
9.560000 143.300365 -0.000000 -0.000000 0.000000 0.000000 
9.570000 143.450365 -0.000000 -0.000000 0.000000 0.000000 
9.580000 143.600365 -0.000000 -0.000000 0.000000 0.000000 
9.590000 143.750365 -0.000000 -0.000000 0.000000 0.000000 
9.600000 143.900365 -0.000000 -0.000000 0.000000 0.000000 
9.610000 144.050365 -0.000000 -0.000000 0.000000 0.000000 
9.620000 144.200365 -0.000000 -0.000000 0.000000 0.000000 
9.630000 144.350365 -0.000000 -0.000000 0.000000 0.000000 
9.640000 144.500365 -0.000000 -0.000000 0.000000 0.000000 
9.650000 144.650365 -0.000000 -0.000000 0.000000 0.000000 
9.660000 144.800365 -0.000000 -0.000000 0.000000 0.000000 
9.670000 144.950365 -0.000000 -0.000000 0.000000 0.000000 
9.680000 145.100365 -0.000000 -0.000000 0.000000 0.000000 
9.690000 145.250365 -0.000000 -0.000000 0.000000 0.000000 
9.700000 145.400365 -0.000000 -0.000000 0.000000 0.000000 
9.710000 145.550365 -0.000000 -0.000000 0.000000 0.000000 
9.720000 145.700365 -0.000000 -0.000000 0.000000 0.000000 
9.730000 145.850365 -0.000000 -0.000000 0.000000 0.000000 
9.740000 146.000365 -0.000000 -0.000000 0.000000 0.000000 
9.750000 146.150365 -0.000000 -0.000000 0.000000 0.000000 
9.760000 146.300365 -0.000000 -0.000000 0.000000 0.000000 
9.770000 146.450365 -0.000000 -0.000000 0.000000 0.000000 
9.780000 146.600365 -0.000000 -0.000000 0.000000 0.000000 
9.790000 146.750365 -0.000000 -0.000000 0.000000 0.000000 
9.800000 146.900365 -0.000000 -0.000000 0.000000 0.000000 
9.810000 147.050365 -0.000000 -0.000000 0.000000 0.000000 
9.820000 147.200365 -0.000000 -0.000000 0.000000 0.000000 
9.830000 147.350365 -0.000000 -0.000000 0.000000 0.000000 
9.840000 147.500365 -0.000000 -0.000000 0.000000 0.000000 
9.850000 147.650365 -0.000000 -0.000000 0.000000 0.000000 
9.860000 147.800365 -0.000000 -0.000000 0.000000 0.000000 
9.870000 147.950365 -0.000000 -0.000000 0.000000 0.000000 
9.880000 148.100365 -0.000000 -0.000000 0.000000 0.000000 
9.890000 148.250365 -0.000000 -0.000000 0.000000 0.000000 
9.900000 148.400365 -0.000000 -0.000000 0.000000 0.000000 
9.910000 148.550365 -0.000000 -0.000000 0.000000 0.000000 
9.920000 148.700365 -0.000000 -0.000000 0.000000 0.000000 
9.930000 148.850365 -0.000000 -0.000000 0.000000 0.000000 
9.940000 149.000365 -0.000000 -0.000000 0.000000 0.000000 
9.950000 149.150365 -0.000000 -0.000000 0.000000 0.000000 
9.960000 149.300365 -0.000000 -0.000000 0.000000 0.000000 
9.970000 149.450365 -0.000000 -0.000000 0.000000 0.000000 
9.980000 149.600365 -0.000000 -0.000000 0.000000 0.000000 
9.990000 149.750365 -0.000000 -0.000000 0.000000 0.000000 
10.000000 149.900365 -0.000000 -0.000000 0.000000 0.000000 
